 train         node      observed        predicted
     y            13    0.600000E+002    0.299500E+002
     y            13    0.600000E+002    0.299500E+002
     y            13    0.512500E+002    0.299500E+002
     y            12    0.600000E+002    0.441200E+002
     y            13    0.600000E+002    0.299500E+002
     y            13    0.600000E+002    0.299500E+002
     y            12    0.600000E+002    0.441200E+002
     y            12    0.600000E+002    0.441200E+002
     y            12    0.600000E+002    0.441200E+002
     y            12    0.600000E+002    0.441200E+002
     y            13    0.600000E+002    0.299500E+002
     y            13    0.600000E+002    0.299500E+002
     y            13    0.600000E+002    0.299500E+002
     y            13    0.600000E+002    0.299500E+002
     y            13    0.600000E+002    0.299500E+002
     y            13    0.600000E+002    0.299500E+002
     y            12    0.600000E+002    0.441200E+002
     y            12    0.600000E+002    0.441200E+002
     y            12    0.600000E+002    0.441200E+002
     y            13    0.600000E+002    0.299500E+002
     y            13    0.600000E+002    0.299500E+002
     n            15               NA    0.306600E+002
     n            15               NA    0.306600E+002
     n            15               NA    0.306600E+002
     n            15               NA    0.306600E+002
     n            15               NA    0.306600E+002
     y            15    0.353700E+002    0.306600E+002
     y            13    0.600000E+002    0.299500E+002
     y            15    0.464500E+002    0.306600E+002
     y             2    0.395500E+002    0.113400E+002
     y            15    0.219300E+002    0.306600E+002
     y            15    0.134100E+002    0.306600E+002
     y            14    0.389600E+002    0.300000E+000
     y            13    0.302800E+002    0.299500E+002
     y             2    0.128200E+002    0.113400E+002
     y            14    0.387300E+002    0.300000E+000
     y            12    0.600000E+002    0.441200E+002
     y            12    0.600000E+002    0.441200E+002
     y            15    0.600000E+002    0.306600E+002
     y            15    0.600000E+002    0.306600E+002
     y            13    0.600000E+002    0.299500E+002
     y            15    0.600000E+002    0.306600E+002
     y            15    0.600000E+002    0.306600E+002
     n            15               NA    0.306600E+002
     y            15    0.600000E+002    0.306600E+002
     y            15    0.600000E+002    0.306600E+002
     y            13    0.600000E+002    0.299500E+002
     y            15    0.600000E+002    0.306600E+002
     y            12    0.600000E+002    0.441200E+002
     y            12    0.600000E+002    0.441200E+002
     y            13    0.600000E+002    0.299500E+002
     y            12    0.600000E+002    0.441200E+002
     y            15    0.600000E+002    0.306600E+002
     y            13    0.304800E+002    0.299500E+002
     y            14    0.188700E+002    0.300000E+000
     y            13    0.600000E+002    0.299500E+002
     n            15               NA    0.306600E+002
     y            13    0.600000E+002    0.299500E+002
     y            13    0.600000E+002    0.299500E+002
     y            14    0.542100E+002    0.300000E+000
     y             2    0.289000E+002    0.113400E+002
     y            14    0.300800E+002    0.300000E+000
     y            15    0.229800E+002    0.306600E+002
     y            13    0.600000E+002    0.299500E+002
     y            12    0.600000E+002    0.441200E+002
     y            15    0.458600E+002    0.306600E+002
     y             2    0.216000E+002    0.113400E+002
     y            15    0.513500E+002    0.306600E+002
     y             2    0.105500E+002    0.113400E+002
     y            15    0.412900E+002    0.306600E+002
     y            12    0.600000E+002    0.441200E+002
     y            12    0.153500E+002    0.441200E+002
     y            15    0.600000E+002    0.306600E+002
     y            13    0.299500E+002    0.299500E+002
     y            13    0.600000E+002    0.299500E+002
     y            15    0.314600E+002    0.306600E+002
     y            13    0.600000E+002    0.299500E+002
     y             2    0.114400E+002    0.113400E+002
     y             2    0.116700E+002    0.113400E+002
     y            15    0.483000E+002    0.306600E+002
     y            13    0.600000E+002    0.299500E+002
     y            15    0.600000E+002    0.306600E+002
     y            15    0.600000E+002    0.306600E+002
     y            15    0.600000E+002    0.306600E+002
     y            15    0.600000E+002    0.306600E+002
     y            13    0.600000E+002    0.299500E+002
     y            15    0.433300E+002    0.306600E+002
     y            12    0.600000E+002    0.441200E+002
     y            15    0.600000E+002    0.306600E+002
     y            12    0.600000E+002    0.441200E+002
     y            15    0.394800E+002    0.306600E+002
     y            15    0.600000E+002    0.306600E+002
     y            15    0.509600E+002    0.306600E+002
     y            15    0.397500E+002    0.306600E+002
     y            15    0.262400E+002    0.306600E+002
     y            15    0.000000E+000    0.306600E+002
     y            15    0.322500E+002    0.306600E+002
     y            12    0.600000E+002    0.441200E+002
     y             2    0.374100E+002    0.113400E+002
     y            15    0.486900E+002    0.306600E+002
     y            12    0.600000E+002    0.441200E+002
     y            15    0.410000E+002    0.306600E+002
     y            12    0.600000E+002    0.441200E+002
     y            12    0.600000E+002    0.441200E+002
     y            15    0.600000E+002    0.306600E+002
     y            15    0.600000E+002    0.306600E+002
     y            12    0.600000E+002    0.441200E+002
     y            15    0.135500E+002    0.306600E+002
     y            14    0.172900E+002    0.300000E+000
     y            15    0.600000E+002    0.306600E+002
     y            12    0.600000E+002    0.441200E+002
     y            13    0.600000E+002    0.299500E+002
     y            15    0.600000E+002    0.306600E+002
     y             2    0.261700E+002    0.113400E+002
     y            15    0.600000E+002    0.306600E+002
     y            15    0.456300E+002    0.306600E+002
     y            15    0.600000E+002    0.306600E+002
     y            12    0.600000E+002    0.441200E+002
     y            15    0.600000E+002    0.306600E+002
     y            15    0.166700E+002    0.306600E+002
     y            13    0.600000E+002    0.299500E+002
     y            15    0.299800E+002    0.306600E+002
     y            13    0.600000E+002    0.299500E+002
     y            14    0.548400E+002    0.300000E+000
     y            14    0.273500E+002    0.300000E+000
     y            15    0.600000E+002    0.306600E+002
     y            14    0.333400E+002    0.300000E+000
     y            13    0.600000E+002    0.299500E+002
     y            15    0.600000E+002    0.306600E+002
     y            15    0.000000E+000    0.306600E+002
     y            13    0.407000E+002    0.299500E+002
     y            15    0.600000E+002    0.306600E+002
     y            13    0.600000E+002    0.299500E+002
     y            14    0.354400E+002    0.300000E+000
     y            12    0.600000E+002    0.441200E+002
     y            15    0.600000E+002    0.306600E+002
     y            13    0.579000E+002    0.299500E+002
     y            15    0.600000E+002    0.306600E+002
     y            13    0.600000E+002    0.299500E+002
     y            15    0.600000E+002    0.306600E+002
     y            13    0.600000E+002    0.299500E+002
     y            15    0.600000E+002    0.306600E+002
     y             2    0.309000E+001    0.113400E+002
     y            15    0.600000E+002    0.306600E+002
     y            15    0.600000E+002    0.306600E+002
     y            15    0.455700E+002    0.306600E+002
     y            15    0.600000E+002    0.306600E+002
     y            15    0.600000E+002    0.306600E+002
     y             2    0.600000E+002    0.113400E+002
     y            12    0.600000E+002    0.441200E+002
     y            15    0.600000E+002    0.306600E+002
     y            15    0.600000E+002    0.306600E+002
     y            12    0.600000E+002    0.441200E+002
     y            15    0.600000E+002    0.306600E+002
     y            15    0.600000E+002    0.306600E+002
     y            15    0.600000E+002    0.306600E+002
     y            15    0.600000E+002    0.306600E+002
     y            14    0.546700E+002    0.300000E+000
     y            13    0.600000E+002    0.299500E+002
     y            15    0.600000E+002    0.306600E+002
     y            12    0.600000E+002    0.441200E+002
     y            15    0.600000E+002    0.306600E+002
     y            15    0.600000E+002    0.306600E+002
     y            15    0.113800E+002    0.306600E+002
     y            15    0.574000E+002    0.306600E+002
     y            13    0.600000E+002    0.299500E+002
     y            13    0.600000E+002    0.299500E+002
     y            13    0.600000E+002    0.299500E+002
     y            12    0.600000E+002    0.441200E+002
     y            12    0.600000E+002    0.441200E+002
     y            15    0.600000E+002    0.306600E+002
     y            15    0.561900E+002    0.306600E+002
     y            13    0.600000E+002    0.299500E+002
     y            15    0.600000E+002    0.306600E+002
     y            13    0.600000E+002    0.299500E+002
     n            15               NA    0.306600E+002
     n            15               NA    0.306600E+002
     n            15               NA    0.306600E+002
     n            15               NA    0.306600E+002
     n            15               NA    0.306600E+002
     y            12    0.600000E+002    0.441200E+002
     y            12    0.600000E+002    0.441200E+002
     y            12    0.600000E+002    0.441200E+002
     y            12    0.600000E+002    0.441200E+002
     n            15               NA    0.306600E+002
     y            13    0.600000E+002    0.299500E+002
     y            12    0.600000E+002    0.441200E+002
     y            15    0.875000E+001    0.306600E+002
     y            13    0.411000E+002    0.299500E+002
     y            13    0.197000E+001    0.299500E+002
     y            13    0.600000E+002    0.299500E+002
     y            13    0.600000E+002    0.299500E+002
     y            13    0.600000E+002    0.299500E+002
     y            13    0.600000E+002    0.299500E+002
     y            13    0.600000E+002    0.299500E+002
     y            13    0.600000E+002    0.299500E+002
     y             2    0.202200E+002    0.113400E+002
     y            12    0.589100E+002    0.441200E+002
     y            12    0.600000E+002    0.441200E+002
     y            12    0.600000E+002    0.441200E+002
     y            13    0.600000E+002    0.299500E+002
     y            12    0.600000E+002    0.441200E+002
     y            12    0.600000E+002    0.441200E+002
     y            12    0.600000E+002    0.441200E+002
     y            13    0.395800E+002    0.299500E+002
     y            13    0.427400E+002    0.299500E+002
     y             2    0.218300E+002    0.113400E+002
     y            13    0.431000E+002    0.299500E+002
     y            13    0.343200E+002    0.299500E+002
     y            13    0.600000E+002    0.299500E+002
     y            12    0.600000E+002    0.441200E+002
     y            13    0.600000E+002    0.299500E+002
     y            12    0.600000E+002    0.441200E+002
     y            12    0.481300E+002    0.441200E+002
     y            13    0.600000E+002    0.299500E+002
     y            13    0.600000E+002    0.299500E+002
     y             2    0.914000E+001    0.113400E+002
     y            13    0.432700E+002    0.299500E+002
     y            13    0.410300E+002    0.299500E+002
     n            15               NA    0.306600E+002
     y            13    0.600000E+002    0.299500E+002
     y            12    0.600000E+002    0.441200E+002
     y            13    0.600000E+002    0.299500E+002
     y            13    0.600000E+002    0.299500E+002
     y             2    0.600000E+002    0.113400E+002
     y            13    0.600000E+002    0.299500E+002
     y            12    0.416200E+002    0.441200E+002
     y            13    0.600000E+002    0.299500E+002
     y            12    0.600000E+002    0.441200E+002
     y            13    0.600000E+002    0.299500E+002
     y            13    0.600000E+002    0.299500E+002
     y            13    0.720000E+001    0.299500E+002
     y            12    0.957000E+001    0.441200E+002
     y            12    0.600000E+002    0.441200E+002
     y            13    0.600000E+002    0.299500E+002
     n            15               NA    0.306600E+002
     y            13    0.600000E+002    0.299500E+002
     y            13    0.600000E+002    0.299500E+002
     y            13    0.328400E+002    0.299500E+002
     n            15               NA    0.306600E+002
     y            13    0.600000E+002    0.299500E+002
     y            12    0.600000E+002    0.441200E+002
     y            13    0.600000E+002    0.299500E+002
     y            12    0.600000E+002    0.441200E+002
     y            12    0.600000E+002    0.441200E+002
     y            13    0.600000E+002    0.299500E+002
     y            13    0.600000E+002    0.299500E+002
     y            13    0.600000E+002    0.299500E+002
     y            12    0.391900E+002    0.441200E+002
     y            13    0.704000E+001    0.299500E+002
     y            13    0.524000E+002    0.299500E+002
     y            12    0.389600E+002    0.441200E+002
     y            13    0.591800E+002    0.299500E+002
     y            13    0.600000E+002    0.299500E+002
     n            15               NA    0.306600E+002
     y            12    0.600000E+002    0.441200E+002
     y            12    0.600000E+002    0.441200E+002
     y            13    0.565800E+002    0.299500E+002
     y            13    0.600000E+002    0.299500E+002
     y            12    0.569400E+002    0.441200E+002
     n            15               NA    0.306600E+002
     y            13    0.600000E+002    0.299500E+002
     y            13    0.600000E+002    0.299500E+002
     y            13    0.600000E+002    0.299500E+002
     y            13    0.216000E+002    0.299500E+002
     y            12    0.508600E+002    0.441200E+002
     y            13    0.223200E+002    0.299500E+002
     y            13    0.600000E+002    0.299500E+002
     n            15               NA    0.306600E+002
     y            12    0.600000E+002    0.441200E+002
     y            13    0.600000E+002    0.299500E+002
     y            13    0.600000E+002    0.299500E+002
     y            13    0.203500E+002    0.299500E+002
     y            13    0.934000E+001    0.299500E+002
     y            13    0.377400E+002    0.299500E+002
     y            13    0.600000E+002    0.299500E+002
     y            14    0.160000E+000    0.300000E+000
     n            15               NA    0.306600E+002
     y            13    0.600000E+002    0.299500E+002
     y            12    0.600000E+002    0.441200E+002
     y            13    0.527000E+002    0.299500E+002
     y            12    0.128000E+001    0.441200E+002
     y            13    0.220600E+002    0.299500E+002
     y            13    0.600000E+002    0.299500E+002
     y            13    0.600000E+002    0.299500E+002
     y            13    0.600000E+002    0.299500E+002
     y            12    0.600000E+002    0.441200E+002
     y            13    0.600000E+002    0.299500E+002
     y            12    0.600000E+002    0.441200E+002
     y            12    0.600000E+002    0.441200E+002
     n            15               NA    0.306600E+002
     y            13    0.178200E+002    0.299500E+002
     n            15               NA    0.306600E+002
     y            12    0.600000E+002    0.441200E+002
     y            12    0.600000E+002    0.441200E+002
     y            12    0.600000E+002    0.441200E+002
     y            12    0.600000E+002    0.441200E+002
     y            13    0.214000E+002    0.299500E+002
     y            13    0.600000E+002    0.299500E+002
     n            15               NA    0.306600E+002
     y            13    0.470100E+002    0.299500E+002
     n            15               NA    0.306600E+002
     y            13    0.322500E+002    0.299500E+002
     y            13    0.600000E+002    0.299500E+002
     n            15               NA    0.306600E+002
     y            13    0.600000E+002    0.299500E+002
     y             2    0.298200E+002    0.113400E+002
     y            13    0.600000E+002    0.299500E+002
     y            13    0.600000E+002    0.299500E+002
     y            13    0.600000E+002    0.299500E+002
     y            13    0.315000E+002    0.299500E+002
     y            12    0.600000E+002    0.441200E+002
     y            13    0.773000E+001    0.299500E+002
     n            15               NA    0.306600E+002
     y            13    0.600000E+002    0.299500E+002
     n            15               NA    0.306600E+002
     y            13    0.600000E+002    0.299500E+002
     y             2    0.697000E+001    0.113400E+002
     y            13    0.600000E+002    0.299500E+002
     y            13    0.600000E+002    0.299500E+002
     y            12    0.439900E+002    0.441200E+002
     y            13    0.600000E+002    0.299500E+002
     y            13    0.600000E+002    0.299500E+002
     y            13    0.600000E+002    0.299500E+002
     y            13    0.379100E+002    0.299500E+002
     y            12    0.600000E+002    0.441200E+002
     y            13    0.423100E+002    0.299500E+002
     y            13    0.600000E+002    0.299500E+002
     y            12    0.600000E+002    0.441200E+002
     y             2    0.327800E+002    0.113400E+002
     y            12    0.600000E+002    0.441200E+002
     y            12    0.153500E+002    0.441200E+002
     n            15               NA    0.306600E+002
     y            12    0.600000E+002    0.441200E+002
     n            15               NA    0.306600E+002
     y            13    0.118700E+002    0.299500E+002
     y            13    0.600000E+002    0.299500E+002
     y            13    0.600000E+002    0.299500E+002
     y            13    0.494800E+002    0.299500E+002
     y            13    0.600000E+002    0.299500E+002
     n            15               NA    0.306600E+002
     n            15               NA    0.306600E+002
     y            13    0.600000E+002    0.299500E+002
     y            13    0.600000E+002    0.299500E+002
     y            12    0.500700E+002    0.441200E+002
     y            13    0.553000E+002    0.299500E+002
     y            12    0.600000E+002    0.441200E+002
     y            13    0.600000E+002    0.299500E+002
     y            12    0.600000E+002    0.441200E+002
     y            13    0.600000E+002    0.299500E+002
     y            12    0.230000E+000    0.441200E+002
     y            13    0.348500E+002    0.299500E+002
     y            13    0.581900E+002    0.299500E+002
     y            12    0.583600E+002    0.441200E+002
     y            12    0.600000E+002    0.441200E+002
     n            15               NA    0.306600E+002
     y            13    0.600000E+002    0.299500E+002
     y            13    0.600000E+002    0.299500E+002
     y            13    0.600000E+002    0.299500E+002
     y            13    0.123000E+002    0.299500E+002
     y            13    0.600000E+002    0.299500E+002
     y            13    0.600000E+002    0.299500E+002
     n            15               NA    0.306600E+002
     y            12    0.600000E+002    0.441200E+002
     y            12    0.600000E+002    0.441200E+002
     y            13    0.600000E+002    0.299500E+002
     y             2    0.181500E+002    0.113400E+002
     y            12    0.600000E+002    0.441200E+002
     y            13    0.356400E+002    0.299500E+002
     y            12    0.402400E+002    0.441200E+002
     y            13    0.600000E+002    0.299500E+002
     y            13    0.600000E+002    0.299500E+002
     n            15               NA    0.306600E+002
     y            12    0.600000E+002    0.441200E+002
     y            12    0.600000E+002    0.441200E+002
     n            15               NA    0.306600E+002
     y            13    0.600000E+002    0.299500E+002
     y            13    0.600000E+002    0.299500E+002
     y            13    0.600000E+002    0.299500E+002
     y            13    0.600000E+002    0.299500E+002
     y            12    0.542500E+002    0.441200E+002
     y            13    0.600000E+002    0.299500E+002
     y            13    0.600000E+002    0.299500E+002
     y            13    0.600000E+002    0.299500E+002
     y            13    0.600000E+002    0.299500E+002
     y            13    0.600000E+002    0.299500E+002
     y            13    0.600000E+002    0.299500E+002
     y            12    0.600000E+002    0.441200E+002
     y            13    0.370500E+002    0.299500E+002
     y            12    0.600000E+002    0.441200E+002
     y            12    0.600000E+002    0.441200E+002
     y            12    0.600000E+002    0.441200E+002
     y            13    0.600000E+002    0.299500E+002
     y            13    0.600000E+002    0.299500E+002
     y            12    0.600000E+002    0.441200E+002
     y            12    0.600000E+002    0.441200E+002
     y            12    0.600000E+002    0.441200E+002
     y            13    0.264000E+002    0.299500E+002
     y            13    0.298500E+002    0.299500E+002
     y            13    0.600000E+002    0.299500E+002
     y            12    0.600000E+002    0.441200E+002
     y            13    0.600000E+002    0.299500E+002
     y            12    0.441200E+002    0.441200E+002
     y            13    0.600000E+002    0.299500E+002
     y             2    0.226200E+002    0.113400E+002
     y            13    0.600000E+002    0.299500E+002
     y            12    0.600000E+002    0.441200E+002
     y            13    0.600000E+002    0.299500E+002
     y            13    0.600000E+002    0.299500E+002
     y            13    0.600000E+002    0.299500E+002
     y            12    0.561500E+002    0.441200E+002
     y            13    0.600000E+002    0.299500E+002
     y            13    0.600000E+002    0.299500E+002
     y            13    0.600000E+002    0.299500E+002
     y            13    0.600000E+002    0.299500E+002
     y            12    0.600000E+002    0.441200E+002
     y            13    0.300800E+002    0.299500E+002
     y            13    0.600000E+002    0.299500E+002
     y            12    0.420200E+002    0.441200E+002
     y            13    0.530300E+002    0.299500E+002
     y            13    0.600000E+002    0.299500E+002
     y            13    0.600000E+002    0.299500E+002
     y            12    0.600000E+002    0.441200E+002
     y            13    0.315900E+002    0.299500E+002
     n            15               NA    0.306600E+002
     n            15               NA    0.306600E+002
     y            12    0.600000E+002    0.441200E+002
     y            13    0.137100E+002    0.299500E+002
     y            13    0.600000E+002    0.299500E+002
     y            13    0.600000E+002    0.299500E+002
     y            13    0.363300E+002    0.299500E+002
     y            13    0.600000E+002    0.299500E+002
     y            13    0.600000E+002    0.299500E+002
     y            13    0.600000E+002    0.299500E+002
     y            13    0.527000E+002    0.299500E+002
     y            13    0.600000E+002    0.299500E+002
     y            12    0.600000E+002    0.441200E+002
     y            13    0.600000E+002    0.299500E+002
     y            13    0.600000E+002    0.299500E+002
     y            13    0.600000E+002    0.299500E+002
     y            13    0.600000E+002    0.299500E+002
     y            13    0.600000E+002    0.299500E+002
     y            13    0.598000E+002    0.299500E+002
     y            13    0.297500E+002    0.299500E+002
     y            13    0.600000E+002    0.299500E+002
     y            12    0.600000E+002    0.441200E+002
     y            13    0.101900E+002    0.299500E+002
     y            13    0.600000E+002    0.299500E+002
     y            12    0.600000E+002    0.441200E+002
     y            13    0.600000E+002    0.299500E+002
     y            13    0.180200E+002    0.299500E+002
     n            15               NA    0.306600E+002
     y            12    0.600000E+002    0.441200E+002
     y            12    0.600000E+002    0.441200E+002
     y            13    0.600000E+002    0.299500E+002
     y            13    0.600000E+002    0.299500E+002
     y            13    0.600000E+002    0.299500E+002
     y            12    0.600000E+002    0.441200E+002
     y            12    0.600000E+002    0.441200E+002
     y            13    0.600000E+002    0.299500E+002
     n            15               NA    0.306600E+002
     y            13    0.600000E+002    0.299500E+002
     y            13    0.600000E+002    0.299500E+002
     y            13    0.600000E+002    0.299500E+002
     y            13    0.600000E+002    0.299500E+002
     y            13    0.356400E+002    0.299500E+002
     y            13    0.600000E+002    0.299500E+002
     y            13    0.600000E+002    0.299500E+002
     n            15               NA    0.306600E+002
     y            13    0.600000E+002    0.299500E+002
     y            12    0.600000E+002    0.441200E+002
     y            13    0.600000E+002    0.299500E+002
     n            15               NA    0.306600E+002
     y            13    0.600000E+002    0.299500E+002
     y            12    0.600000E+002    0.441200E+002
     y            13    0.600000E+002    0.299500E+002
     n            15               NA    0.306600E+002
     y            13    0.600000E+002    0.299500E+002
     y             2    0.600000E+002    0.113400E+002
     y            13    0.600000E+002    0.299500E+002
     y            12    0.600000E+002    0.441200E+002
     y            13    0.544800E+002    0.299500E+002
     y            13    0.600000E+002    0.299500E+002
     y            13    0.488900E+002    0.299500E+002
     y            13    0.600000E+002    0.299500E+002
     y             2    0.157100E+002    0.113400E+002
     y             2    0.390600E+002    0.113400E+002
     y            13    0.600000E+002    0.299500E+002
     n            15               NA    0.306600E+002
     n            15               NA    0.306600E+002
     n            15               NA    0.306600E+002
     n            15               NA    0.306600E+002
     n            15               NA    0.306600E+002
     n            15               NA    0.306600E+002
     n            15               NA    0.306600E+002
     n            15               NA    0.306600E+002
     n            15               NA    0.306600E+002
     n            15               NA    0.306600E+002
     n            15               NA    0.306600E+002
     n            15               NA    0.306600E+002
     n            15               NA    0.306600E+002
     n            15               NA    0.306600E+002
     n            15               NA    0.306600E+002
     n            15               NA    0.306600E+002
     n            15               NA    0.306600E+002
     n            15               NA    0.306600E+002
     n            15               NA    0.306600E+002
     n            15               NA    0.306600E+002
     n            15               NA    0.306600E+002
     n            15               NA    0.306600E+002
     n            15               NA    0.306600E+002
     n            15               NA    0.306600E+002
     n            15               NA    0.306600E+002
     n            15               NA    0.306600E+002
     n            15               NA    0.306600E+002
     n            15               NA    0.306600E+002
     n            15               NA    0.306600E+002
     n            15               NA    0.306600E+002
     n            15               NA    0.306600E+002
     n            15               NA    0.306600E+002
     y            13    0.600000E+002    0.299500E+002
     y            15    0.301100E+002    0.306600E+002
     y            13    0.600000E+002    0.299500E+002
     y            13    0.600000E+002    0.299500E+002
     y            15    0.600000E+002    0.306600E+002
     y            15    0.574300E+002    0.306600E+002
     y            15    0.786000E+001    0.306600E+002
     y            13    0.600000E+002    0.299500E+002
     y            13    0.600000E+002    0.299500E+002
     y            12    0.600000E+002    0.441200E+002
     y            15    0.600000E+002    0.306600E+002
     n            15               NA    0.306600E+002
     y            15    0.600000E+002    0.306600E+002
     y            15    0.600000E+002    0.306600E+002
     y            12    0.600000E+002    0.441200E+002
     y            15    0.600000E+002    0.306600E+002
     y            15    0.600000E+002    0.306600E+002
     y            15    0.600000E+002    0.306600E+002
     y            15    0.600000E+002    0.306600E+002
     y            12    0.600000E+002    0.441200E+002
     y            12    0.600000E+002    0.441200E+002
     y            13    0.540500E+002    0.299500E+002
     y            13    0.600000E+002    0.299500E+002
     y            15    0.595400E+002    0.306600E+002
     y            13    0.414900E+002    0.299500E+002
     y            14    0.313600E+002    0.300000E+000
     y            15    0.600000E+002    0.306600E+002
     y            14    0.600000E+002    0.300000E+000
     y             2    0.600000E+002    0.113400E+002
     y            14    0.600000E+002    0.300000E+000
     y             2    0.155800E+002    0.113400E+002
     y            14    0.600000E+002    0.300000E+000
     y             2    0.600000E+002    0.113400E+002
     y            15    0.600000E+002    0.306600E+002
     y             2    0.600000E+002    0.113400E+002
     y            14    0.593100E+002    0.300000E+000
     y             2    0.600000E+002    0.113400E+002
     y            14    0.600000E+002    0.300000E+000
     y             2    0.600000E+002    0.113400E+002
     y            14    0.600000E+002    0.300000E+000
     y            15    0.420800E+002    0.306600E+002
     y             2    0.600000E+002    0.113400E+002
     y             2    0.241600E+002    0.113400E+002
     y             2    0.600000E+002    0.113400E+002
     y             2    0.240000E+002    0.113400E+002
     n            15               NA    0.306600E+002
     n            15               NA    0.306600E+002
     n            15               NA    0.306600E+002
     y             2    0.402700E+002    0.113400E+002
     y             2    0.153900E+002    0.113400E+002
     y            14    0.204800E+002    0.300000E+000
     y             2    0.600000E+002    0.113400E+002
     y             2    0.228800E+002    0.113400E+002
     y             2    0.600000E+002    0.113400E+002
     y            14    0.600000E+002    0.300000E+000
     y            14    0.565800E+002    0.300000E+000
     y             2    0.600000E+002    0.113400E+002
     y            15    0.600000E+002    0.306600E+002
     y            14    0.600000E+002    0.300000E+000
     y             2    0.418800E+002    0.113400E+002
     y             2    0.600000E+002    0.113400E+002
     y            12    0.600000E+002    0.441200E+002
     y            12    0.600000E+002    0.441200E+002
     y            12    0.600000E+002    0.441200E+002
     y            13    0.600000E+002    0.299500E+002
     y            14    0.600000E+002    0.300000E+000
     y            15    0.600000E+002    0.306600E+002
     y            15    0.600000E+002    0.306600E+002
     y             2    0.600000E+002    0.113400E+002
     y            14    0.600000E+002    0.300000E+000
     y            12    0.600000E+002    0.441200E+002
     y            13    0.600000E+002    0.299500E+002
     y            12    0.600000E+002    0.441200E+002
     y            12    0.600000E+002    0.441200E+002
     y            12    0.600000E+002    0.441200E+002
     y            14    0.600000E+002    0.300000E+000
     n            15               NA    0.306600E+002
     n            15               NA    0.306600E+002
     y             2    0.600000E+002    0.113400E+002
     y            12    0.148900E+002    0.441200E+002
     y            13    0.294600E+002    0.299500E+002
     y            15    0.595400E+002    0.306600E+002
     y             2    0.226500E+002    0.113400E+002
     y            13    0.600000E+002    0.299500E+002
     y            14    0.213000E+002    0.300000E+000
     y            14    0.600000E+002    0.300000E+000
     y            13    0.600000E+002    0.299500E+002
     y            13    0.428700E+002    0.299500E+002
     y            12    0.600000E+002    0.441200E+002
     y             2    0.600000E+002    0.113400E+002
     y             2    0.855000E+001    0.113400E+002
     y             2    0.600000E+002    0.113400E+002
     y             2    0.600000E+002    0.113400E+002
     y            13    0.600000E+002    0.299500E+002
     y             2    0.600000E+002    0.113400E+002
     y             2    0.600000E+002    0.113400E+002
     y             2    0.600000E+002    0.113400E+002
     y             2    0.600000E+002    0.113400E+002
     y             2    0.254500E+002    0.113400E+002
     y             2    0.600000E+002    0.113400E+002
     n            15               NA    0.306600E+002
     y            12    0.600000E+002    0.441200E+002
     y            13    0.600000E+002    0.299500E+002
     y            12    0.600000E+002    0.441200E+002
     y            13    0.600000E+002    0.299500E+002
     y            13    0.600000E+002    0.299500E+002
     y            13    0.351100E+002    0.299500E+002
     y            13    0.600000E+002    0.299500E+002
     y            13    0.600000E+002    0.299500E+002
     y            13    0.401700E+002    0.299500E+002
     y            12    0.600000E+002    0.441200E+002
     y            13    0.600000E+002    0.299500E+002
     y            13    0.312000E+001    0.299500E+002
     n            15               NA    0.306600E+002
     y            15    0.354700E+002    0.306600E+002
     y             2    0.112400E+002    0.113400E+002
     y            13    0.558200E+002    0.299500E+002
     y            13    0.600000E+002    0.299500E+002
     y            12    0.937000E+001    0.441200E+002
     y            13    0.230000E+001    0.299500E+002
     y            13    0.600000E+002    0.299500E+002
     y            13    0.197000E+001    0.299500E+002
     y            13    0.600000E+002    0.299500E+002
     y             2    0.263300E+002    0.113400E+002
     y            12    0.600000E+002    0.441200E+002
     y            12    0.600000E+002    0.441200E+002
     y            13    0.600000E+002    0.299500E+002
     y            13    0.341300E+002    0.299500E+002
     n            15               NA    0.306600E+002
     y            13    0.600000E+002    0.299500E+002
     y            13    0.600000E+002    0.299500E+002
     y            13    0.600000E+002    0.299500E+002
     y            13    0.579300E+002    0.299500E+002
     y            13    0.600000E+002    0.299500E+002
     y            13    0.600000E+002    0.299500E+002
     y            13    0.600000E+002    0.299500E+002
     y            13    0.600000E+002    0.299500E+002
     y            13    0.600000E+002    0.299500E+002
     y            12    0.861000E+001    0.441200E+002
     y            12    0.600000E+002    0.441200E+002
     y            13    0.600000E+002    0.299500E+002
     y            13    0.600000E+002    0.299500E+002
     y            13    0.600000E+002    0.299500E+002
     y            13    0.600000E+002    0.299500E+002
     y            13    0.600000E+002    0.299500E+002
     y            13    0.600000E+002    0.299500E+002
     y            12    0.600000E+002    0.441200E+002
     y            13    0.600000E+002    0.299500E+002
     y            15    0.342200E+002    0.306600E+002
     y            12    0.128900E+002    0.441200E+002
     y            12    0.600000E+002    0.441200E+002
     y            13    0.540200E+002    0.299500E+002
     y            12    0.600000E+002    0.441200E+002
     y            12    0.600000E+002    0.441200E+002
     y            13    0.165400E+002    0.299500E+002
     y            13    0.600000E+002    0.299500E+002
     y            15    0.600000E+002    0.306600E+002
     y             2    0.600000E+002    0.113400E+002
     y            13    0.600000E+002    0.299500E+002
     y            13    0.600000E+002    0.299500E+002
     y            15    0.600000E+002    0.306600E+002
     y            15    0.600000E+002    0.306600E+002
     y            13    0.600000E+002    0.299500E+002
     y            13    0.498400E+002    0.299500E+002
     n            15               NA    0.306600E+002
     y            13    0.328100E+002    0.299500E+002
     y            13    0.467200E+002    0.299500E+002
     y            13    0.600000E+002    0.299500E+002
     y            15    0.557300E+002    0.306600E+002
     y            13    0.600000E+002    0.299500E+002
     y            12    0.600000E+002    0.441200E+002
     y            12    0.600000E+002    0.441200E+002
     y            13    0.600000E+002    0.299500E+002
     y            13    0.532600E+002    0.299500E+002
     y            12    0.600000E+002    0.441200E+002
     y            12    0.600000E+002    0.441200E+002
     y            15    0.600000E+002    0.306600E+002
     y            13    0.600000E+002    0.299500E+002
     y            12    0.591100E+002    0.441200E+002
     y            14    0.499400E+002    0.300000E+000
     y            14    0.000000E+000    0.300000E+000
     y            15    0.621000E+001    0.306600E+002
     y            14    0.600000E+002    0.300000E+000
     n            15               NA    0.306600E+002
     y            13    0.600000E+002    0.299500E+002
     y            13    0.600000E+002    0.299500E+002
     y            13    0.342200E+002    0.299500E+002
     y            15    0.600000E+002    0.306600E+002
     y            12    0.600000E+002    0.441200E+002
     y            13    0.600000E+002    0.299500E+002
     y            15    0.600000E+002    0.306600E+002
     y            13    0.600000E+002    0.299500E+002
     y            15    0.600000E+002    0.306600E+002
     y            12    0.600000E+002    0.441200E+002
     y            15    0.600000E+002    0.306600E+002
     y            15    0.600000E+002    0.306600E+002
     y            12    0.600000E+002    0.441200E+002
     y            13    0.600000E+002    0.299500E+002
     y            15    0.600000E+002    0.306600E+002
     y            15    0.600000E+002    0.306600E+002
     y            15    0.600000E+002    0.306600E+002
     y            13    0.220600E+002    0.299500E+002
     y            12    0.600000E+002    0.441200E+002
     y            13    0.600000E+002    0.299500E+002
     y            15    0.600000E+002    0.306600E+002
     y            15    0.600000E+002    0.306600E+002
     y            15    0.600000E+002    0.306600E+002
     y            15    0.600000E+002    0.306600E+002
     y            12    0.600000E+002    0.441200E+002
     y            15    0.600000E+002    0.306600E+002
     y            15    0.600000E+002    0.306600E+002
     y            15    0.600000E+002    0.306600E+002
     y            13    0.600000E+002    0.299500E+002
     y            15    0.250800E+002    0.306600E+002
     y            15    0.600000E+002    0.306600E+002
     y            15    0.583900E+002    0.306600E+002
     y            15    0.600000E+002    0.306600E+002
     n            15               NA    0.306600E+002
     y            13    0.600000E+002    0.299500E+002
     y             2    0.600000E+002    0.113400E+002
     y            15    0.600000E+002    0.306600E+002
     y            15    0.298800E+002    0.306600E+002
     y            14    0.600000E+002    0.300000E+000
     y            13    0.600000E+002    0.299500E+002
     y            14    0.128200E+002    0.300000E+000
     y            13    0.182800E+002    0.299500E+002
     y            13    0.600000E+002    0.299500E+002
     n            15               NA    0.306600E+002
     n            15               NA    0.306600E+002
     y            12    0.600000E+002    0.441200E+002
     n            15               NA    0.306600E+002
     y            12    0.600000E+002    0.441200E+002
     y            15    0.600000E+002    0.306600E+002
     n            15               NA    0.306600E+002
     y            15    0.600000E+002    0.306600E+002
     y            12    0.220600E+002    0.441200E+002
     n            15               NA    0.306600E+002
     y            14    0.600000E+002    0.300000E+000
     y            15    0.511900E+002    0.306600E+002
     y            15    0.600000E+002    0.306600E+002
     y            15    0.600000E+002    0.306600E+002
     y            15    0.600000E+002    0.306600E+002
     y            15    0.600000E+002    0.306600E+002
     y            15    0.600000E+002    0.306600E+002
     y            15    0.600000E+002    0.306600E+002
     y            12    0.600000E+002    0.441200E+002
     y            13    0.600000E+002    0.299500E+002
     y            15    0.600000E+002    0.306600E+002
     y            13    0.600000E+002    0.299500E+002
     y            15    0.600000E+002    0.306600E+002
     n            15               NA    0.306600E+002
     n            15               NA    0.306600E+002
     y            15    0.600000E+002    0.306600E+002
     y            15    0.600000E+002    0.306600E+002
     n            15               NA    0.306600E+002
     y            15    0.187400E+002    0.306600E+002
     y            13    0.600000E+002    0.299500E+002
     y            12    0.600000E+002    0.441200E+002
     y            15    0.600000E+002    0.306600E+002
     n            15               NA    0.306600E+002
     y            13    0.600000E+002    0.299500E+002
     y            13    0.281400E+002    0.299500E+002
     y            12    0.600000E+002    0.441200E+002
     y             2    0.600000E+002    0.113400E+002
     y            12    0.600000E+002    0.441200E+002
     y            13    0.600000E+002    0.299500E+002
     n            15               NA    0.306600E+002
     n            15               NA    0.306600E+002
     y            13    0.557300E+002    0.299500E+002
     y            13    0.600000E+002    0.299500E+002
     y            15    0.600000E+002    0.306600E+002
     y            13    0.600000E+002    0.299500E+002
     y            12    0.600000E+002    0.441200E+002
     y            12    0.600000E+002    0.441200E+002
     y            12    0.600000E+002    0.441200E+002
     n            15               NA    0.306600E+002
     y            12    0.600000E+002    0.441200E+002
     y            12    0.600000E+002    0.441200E+002
     y            15    0.600000E+002    0.306600E+002
     y            13    0.600000E+002    0.299500E+002
     y            15    0.600000E+002    0.306600E+002
     y            12    0.408700E+002    0.441200E+002
     y            13    0.600000E+002    0.299500E+002
     y            15    0.600000E+002    0.306600E+002
     y            13    0.600000E+002    0.299500E+002
     y             2    0.600000E+002    0.113400E+002
     y            15    0.600000E+002    0.306600E+002
     y            13    0.600000E+002    0.299500E+002
     y            12    0.600000E+002    0.441200E+002
     y            15    0.600000E+002    0.306600E+002
     y            12    0.600000E+002    0.441200E+002
     y            14    0.600000E+002    0.300000E+000
     y            13    0.600000E+002    0.299500E+002
     y            15    0.600000E+002    0.306600E+002
     y            13    0.455700E+002    0.299500E+002
     y            13    0.596000E+002    0.299500E+002
     y            12    0.600000E+002    0.441200E+002
     y            14    0.600000E+002    0.300000E+000
     y            13    0.600000E+002    0.299500E+002
     y            13    0.600000E+002    0.299500E+002
     y            13    0.600000E+002    0.299500E+002
     y            15    0.600000E+002    0.306600E+002
     y            14    0.700000E-001    0.300000E+000
     y            15    0.600000E+002    0.306600E+002
     y            13    0.600000E+002    0.299500E+002
     y            15    0.600000E+002    0.306600E+002
     y            12    0.600000E+002    0.441200E+002
     n            15               NA    0.306600E+002
     y            15    0.600000E+002    0.306600E+002
     y            15    0.600000E+002    0.306600E+002
     n            15               NA    0.306600E+002
     n            15               NA    0.306600E+002
     y            13    0.600000E+002    0.299500E+002
     y            13    0.600000E+002    0.299500E+002
     y            13    0.600000E+002    0.299500E+002
     y            15    0.600000E+002    0.306600E+002
     n            15               NA    0.306600E+002
     y            15    0.600000E+002    0.306600E+002
     y            15    0.600000E+002    0.306600E+002
     n            15               NA    0.306600E+002
     y            12    0.554600E+002    0.441200E+002
     y            12    0.600000E+002    0.441200E+002
     y            13    0.600000E+002    0.299500E+002
     y            14    0.138000E+001    0.300000E+000
     y            15    0.502000E+002    0.306600E+002
     n            15               NA    0.306600E+002
     y            15    0.600000E+002    0.306600E+002
     y            12    0.600000E+002    0.441200E+002
     y            15    0.237000E+002    0.306600E+002
     y            12    0.600000E+002    0.441200E+002
     n            15               NA    0.306600E+002
     y            12    0.600000E+002    0.441200E+002
     y            15    0.600000E+002    0.306600E+002
     y            15    0.600000E+002    0.306600E+002
     y            15    0.329100E+002    0.306600E+002
     n             2               NA    0.113400E+002
     y            13    0.600000E+002    0.299500E+002
     y            15    0.600000E+002    0.306600E+002
     y            12    0.600000E+002    0.441200E+002
     y            13    0.600000E+002    0.299500E+002
     y            13    0.600000E+002    0.299500E+002
     y            13    0.600000E+002    0.299500E+002
     y            15    0.600000E+002    0.306600E+002
     n            15               NA    0.306600E+002
     y            15    0.348500E+002    0.306600E+002
     n            15               NA    0.306600E+002
     n            15               NA    0.306600E+002
     y            12    0.600000E+002    0.441200E+002
     y            13    0.584200E+002    0.299500E+002
     y            15    0.600000E+002    0.306600E+002
     y            12    0.586200E+002    0.441200E+002
     y            15    0.600000E+002    0.306600E+002
     y            15    0.396500E+002    0.306600E+002
     y            13    0.298800E+002    0.299500E+002
     y            12    0.600000E+002    0.441200E+002
     y            13    0.600000E+002    0.299500E+002
     y            15    0.398800E+002    0.306600E+002
     y            13    0.600000E+002    0.299500E+002
     y            13    0.600000E+002    0.299500E+002
     y            13    0.600000E+002    0.299500E+002
     y            13    0.600000E+002    0.299500E+002
     y            13    0.600000E+002    0.299500E+002
     n            15               NA    0.306600E+002
     y            13    0.432700E+002    0.299500E+002
     y            12    0.600000E+002    0.441200E+002
     n            15               NA    0.306600E+002
     y            15    0.600000E+002    0.306600E+002
     y            13    0.600000E+002    0.299500E+002
     y            15    0.600000E+002    0.306600E+002
     y            15    0.600000E+002    0.306600E+002
     y            15    0.600000E+002    0.306600E+002
     y            15    0.600000E+002    0.306600E+002
     y            15    0.600000E+002    0.306600E+002
     y            15    0.600000E+002    0.306600E+002
     y            15    0.558900E+002    0.306600E+002
     y            13    0.304400E+002    0.299500E+002
     y             2    0.304400E+002    0.113400E+002
     y            12    0.600000E+002    0.441200E+002
     y            15    0.600000E+002    0.306600E+002
     y            12    0.600000E+002    0.441200E+002
     y            13    0.147300E+002    0.299500E+002
     y            13    0.600000E+002    0.299500E+002
     y            15    0.600000E+002    0.306600E+002
     y            12    0.600000E+002    0.441200E+002
     y            13    0.111500E+002    0.299500E+002
     y            12    0.600000E+002    0.441200E+002
     n            15               NA    0.306600E+002
     y            15    0.600000E+002    0.306600E+002
     y             2    0.600000E+002    0.113400E+002
     y            15    0.600000E+002    0.306600E+002
     y            15    0.409600E+002    0.306600E+002
     y            13    0.600000E+002    0.299500E+002
     y            12    0.600000E+002    0.441200E+002
     y            13    0.600000E+002    0.299500E+002
     y            15    0.600000E+002    0.306600E+002
     y            13    0.600000E+002    0.299500E+002
     y            15    0.600000E+002    0.306600E+002
     y            15    0.600000E+002    0.306600E+002
     y            13    0.600000E+002    0.299500E+002
     y            15    0.411300E+002    0.306600E+002
     y            15    0.600000E+002    0.306600E+002
     y            12    0.600000E+002    0.441200E+002
     y            15    0.350800E+002    0.306600E+002
     y            15    0.600000E+002    0.306600E+002
     n            15               NA    0.306600E+002
     y            14    0.434000E+001    0.300000E+000
     y             2    0.600000E+002    0.113400E+002
     y            15    0.600000E+002    0.306600E+002
     y            14    0.249500E+002    0.300000E+000
     y            12    0.600000E+002    0.441200E+002
     n            15               NA    0.306600E+002
     y            15    0.147000E+002    0.306600E+002
     y            15    0.600000E+002    0.306600E+002
     y            15    0.600000E+002    0.306600E+002
     y            13    0.216300E+002    0.299500E+002
     y            15    0.600000E+002    0.306600E+002
     n            15               NA    0.306600E+002
     y             2    0.300800E+002    0.113400E+002
     n            15               NA    0.306600E+002
     y            15    0.600000E+002    0.306600E+002
     y            15    0.600000E+002    0.306600E+002
     y            12    0.600000E+002    0.441200E+002
     y            13    0.372200E+002    0.299500E+002
     n            15               NA    0.306600E+002
     n            15               NA    0.306600E+002
     y            13    0.600000E+002    0.299500E+002
     y            15    0.600000E+002    0.306600E+002
     n            15               NA    0.306600E+002
     y            15    0.600000E+002    0.306600E+002
     y            13    0.600000E+002    0.299500E+002
     y            13    0.600000E+002    0.299500E+002
     y            13    0.600000E+002    0.299500E+002
     y            15    0.507000E+002    0.306600E+002
     y            13    0.600000E+002    0.299500E+002
     y            15    0.600000E+002    0.306600E+002
     y            15    0.600000E+002    0.306600E+002
     y            15    0.600000E+002    0.306600E+002
     y            14    0.600000E+002    0.300000E+000
     y            14    0.166400E+002    0.300000E+000
     y            13    0.600000E+002    0.299500E+002
     y            13    0.600000E+002    0.299500E+002
     y            13    0.600000E+002    0.299500E+002
     y            15    0.600000E+002    0.306600E+002
     y            15    0.600000E+002    0.306600E+002
     y            15    0.600000E+002    0.306600E+002
     n            15               NA    0.306600E+002
     y            13    0.600000E+002    0.299500E+002
     y            12    0.600000E+002    0.441200E+002
     y            15    0.210400E+002    0.306600E+002
     y            15    0.422500E+002    0.306600E+002
     y            15    0.443200E+002    0.306600E+002
     y            13    0.600000E+002    0.299500E+002
     y            15    0.600000E+002    0.306600E+002
     y            15    0.600000E+002    0.306600E+002
     y            15    0.600000E+002    0.306600E+002
     y            14    0.300000E+000    0.300000E+000
     y            13    0.247000E+001    0.299500E+002
     y            15    0.600000E+002    0.306600E+002
     n            15               NA    0.306600E+002
     y            12    0.600000E+002    0.441200E+002
     y            15    0.600000E+002    0.306600E+002
     y            15    0.600000E+002    0.306600E+002
     y            13    0.523400E+002    0.299500E+002
     y            12    0.600000E+002    0.441200E+002
     y            15    0.600000E+002    0.306600E+002
     y            15    0.524000E+002    0.306600E+002
     n            15               NA    0.306600E+002
     n            15               NA    0.306600E+002
     y            12    0.389600E+002    0.441200E+002
     y             2    0.600000E+002    0.113400E+002
     n            15               NA    0.306600E+002
     y            13    0.600000E+002    0.299500E+002
     y            13    0.359300E+002    0.299500E+002
     y            13    0.809000E+001    0.299500E+002
     y            14    0.600000E+002    0.300000E+000
     n            15               NA    0.306600E+002
     y            15    0.600000E+002    0.306600E+002
     n            15               NA    0.306600E+002
     n            15               NA    0.306600E+002
     y            13    0.600000E+002    0.299500E+002
     y            15    0.600000E+002    0.306600E+002
     y            13    0.600000E+002    0.299500E+002
     y            13    0.529000E+002    0.299500E+002
     y            15    0.600000E+002    0.306600E+002
     y            15    0.600000E+002    0.306600E+002
     y            15    0.600000E+002    0.306600E+002
     y            15    0.600000E+002    0.306600E+002
     y            15    0.600000E+002    0.306600E+002
     y            15    0.600000E+002    0.306600E+002
     y            15    0.600000E+002    0.306600E+002
     y            15    0.157800E+002    0.306600E+002
     y            15    0.600000E+002    0.306600E+002
     y            15    0.600000E+002    0.306600E+002
     y            15    0.600000E+002    0.306600E+002
     y            15    0.600000E+002    0.306600E+002
     y            15    0.600000E+002    0.306600E+002
     n            15               NA    0.306600E+002
     y            12    0.600000E+002    0.441200E+002
     y            15    0.600000E+002    0.306600E+002
     y            15    0.192300E+002    0.306600E+002
     y            15    0.600000E+002    0.306600E+002
     n            15               NA    0.306600E+002
     y            15    0.302500E+002    0.306600E+002
     y            12    0.600000E+002    0.441200E+002
     y            15    0.600000E+002    0.306600E+002
     n            15               NA    0.306600E+002
     y            13    0.600000E+002    0.299500E+002
     y            15    0.318200E+002    0.306600E+002
     y            15    0.600000E+002    0.306600E+002
     y            15    0.600000E+002    0.306600E+002
     y            13    0.600000E+002    0.299500E+002
     y            12    0.345200E+002    0.441200E+002
     y            15    0.600000E+002    0.306600E+002
     y            12    0.600000E+002    0.441200E+002
     y            15    0.377100E+002    0.306600E+002
     y            15    0.476000E+002    0.306600E+002
     y            12    0.600000E+002    0.441200E+002
     y            15    0.130000E+000    0.306600E+002
     y            15    0.600000E+002    0.306600E+002
     y            15    0.600000E+002    0.306600E+002
     y            12    0.565000E+001    0.441200E+002
     y            13    0.600000E+002    0.299500E+002
     y            15    0.600000E+002    0.306600E+002
     y            13    0.600000E+002    0.299500E+002
     y            13    0.600000E+002    0.299500E+002
     y             2    0.600000E+002    0.113400E+002
     y            15    0.600000E+002    0.306600E+002
     y            15    0.600000E+002    0.306600E+002
     y            12    0.600000E+002    0.441200E+002
     y            13    0.293300E+002    0.299500E+002
     y            12    0.600000E+002    0.441200E+002
     y            12    0.600000E+002    0.441200E+002
     y            15    0.600000E+002    0.306600E+002
     y            12    0.600000E+002    0.441200E+002
     y            15    0.238000E+002    0.306600E+002
     y            12    0.600000E+002    0.441200E+002
     y            15    0.600000E+002    0.306600E+002
     n            15               NA    0.306600E+002
     y             2    0.600000E+002    0.113400E+002
     n            15               NA    0.306600E+002
     y            12    0.600000E+002    0.441200E+002
     y            15    0.600000E+002    0.306600E+002
     y             2    0.600000E+002    0.113400E+002
     y            13    0.348500E+002    0.299500E+002
     y            13    0.600000E+002    0.299500E+002
     y            13    0.600000E+002    0.299500E+002
     y            13    0.600000E+002    0.299500E+002
     y            13    0.600000E+002    0.299500E+002
     n            15               NA    0.306600E+002
     y            15    0.600000E+002    0.306600E+002
     y            15    0.426100E+002    0.306600E+002
     y            15    0.600000E+002    0.306600E+002
     y            13    0.280800E+002    0.299500E+002
     y            15    0.423800E+002    0.306600E+002
     y            13    0.538500E+002    0.299500E+002
     y            12    0.600000E+002    0.441200E+002
     n            15               NA    0.306600E+002
     y            15    0.600000E+002    0.306600E+002
     y            12    0.600000E+002    0.441200E+002
     y            15    0.448800E+002    0.306600E+002
     y            13    0.600000E+002    0.299500E+002
     y            15    0.600000E+002    0.306600E+002
     y            15    0.600000E+002    0.306600E+002
     y            15    0.600000E+002    0.306600E+002
     y            13    0.600000E+002    0.299500E+002
     y            15    0.600000E+002    0.306600E+002
     y            15    0.600000E+002    0.306600E+002
     y            14    0.600000E+002    0.300000E+000
     y            15    0.536500E+002    0.306600E+002
     y            15    0.600000E+002    0.306600E+002
     y            12    0.600000E+002    0.441200E+002
     y            15    0.600000E+002    0.306600E+002
     y            12    0.600000E+002    0.441200E+002
     y            13    0.574000E+002    0.299500E+002
     y            12    0.600000E+002    0.441200E+002
     y            15    0.600000E+002    0.306600E+002
     y            12    0.600000E+002    0.441200E+002
     y            12    0.600000E+002    0.441200E+002
     y            12    0.600000E+002    0.441200E+002
     y            15    0.600000E+002    0.306600E+002
     y            15    0.600000E+002    0.306600E+002
     n            15               NA    0.306600E+002
     y            12    0.600000E+002    0.441200E+002
     y            15    0.351400E+002    0.306600E+002
     y            15    0.000000E+000    0.306600E+002
     y            13    0.293000E+001    0.299500E+002
     y            12    0.600000E+002    0.441200E+002
     y            12    0.600000E+002    0.441200E+002
     y            15    0.000000E+000    0.306600E+002
     y            12    0.435900E+002    0.441200E+002
     y            13    0.108200E+002    0.299500E+002
     y            13    0.600000E+002    0.299500E+002
     y            15    0.600000E+002    0.306600E+002
     y            13    0.600000E+002    0.299500E+002
     y            13    0.600000E+002    0.299500E+002
     y            12    0.600000E+002    0.441200E+002
     y            13    0.210000E+001    0.299500E+002
     y            13    0.600000E+002    0.299500E+002
     y            13    0.600000E+002    0.299500E+002
     y            15    0.600000E+002    0.306600E+002
     y            15    0.600000E+002    0.306600E+002
     n            15               NA    0.306600E+002
     y            15    0.600000E+002    0.306600E+002
     y            15    0.600000E+002    0.306600E+002
     y            12    0.600000E+002    0.441200E+002
     y            12    0.600000E+002    0.441200E+002
     y            13    0.244900E+002    0.299500E+002
     y            13    0.600000E+002    0.299500E+002
     y            15    0.600000E+002    0.306600E+002
     y            15    0.600000E+002    0.306600E+002
     y            15    0.122000E+002    0.306600E+002
     y            15    0.310700E+002    0.306600E+002
     y            12    0.600000E+002    0.441200E+002
     n            15               NA    0.306600E+002
     y            13    0.600000E+002    0.299500E+002
     y             2    0.105900E+002    0.113400E+002
     y            15    0.482600E+002    0.306600E+002
     n            15               NA    0.306600E+002
     y            14    0.595000E+001    0.300000E+000
     y             2    0.600000E+002    0.113400E+002
     y            15    0.600000E+002    0.306600E+002
     n            15               NA    0.306600E+002
     n            15               NA    0.306600E+002
     y            15    0.600000E+002    0.306600E+002
     y            15    0.600000E+002    0.306600E+002
     y            14    0.641000E+001    0.300000E+000
     y            14    0.000000E+000    0.300000E+000
     y            13    0.600000E+002    0.299500E+002
