 train         node  observed  predicted "P(bream)" "P(parkki)" "P(perch)" "P(pike)" "P(roach)" "P(smelt)" "P(whitefish)"
     y          167    "bream"  "bream"  0.99513E+00  0.43239E-03  0.22013E-02  0.66824E-03  0.78616E-03  0.55031E-03  0.23585E-03
     y          167    "bream"  "bream"  0.99513E+00  0.43239E-03  0.22013E-02  0.66824E-03  0.78616E-03  0.55031E-03  0.23585E-03
     y          167    "bream"  "bream"  0.99513E+00  0.43239E-03  0.22013E-02  0.66824E-03  0.78616E-03  0.55031E-03  0.23585E-03
     y            3    "bream"  "bream"  0.96407E+00  0.43239E-03  0.33256E-01  0.66824E-03  0.78616E-03  0.55031E-03  0.23585E-03
     y           86    "bream"  "perch"  0.84188E-01  0.43239E-03  0.66470E+00  0.66824E-03  0.83599E-01  0.55031E-03  0.16586E+00
     y            3    "bream"  "bream"  0.96407E+00  0.43239E-03  0.33256E-01  0.66824E-03  0.78616E-03  0.55031E-03  0.23585E-03
     y            3    "bream"  "bream"  0.96407E+00  0.43239E-03  0.33256E-01  0.66824E-03  0.78616E-03  0.55031E-03  0.23585E-03
     y            3    "bream"  "bream"  0.96407E+00  0.43239E-03  0.33256E-01  0.66824E-03  0.78616E-03  0.55031E-03  0.23585E-03
     y            3    "bream"  "bream"  0.96407E+00  0.43239E-03  0.33256E-01  0.66824E-03  0.78616E-03  0.55031E-03  0.23585E-03
     y            3    "bream"  "bream"  0.96407E+00  0.43239E-03  0.33256E-01  0.66824E-03  0.78616E-03  0.55031E-03  0.23585E-03
     y            3    "bream"  "bream"  0.96407E+00  0.43239E-03  0.33256E-01  0.66824E-03  0.78616E-03  0.55031E-03  0.23585E-03
     y            3    "bream"  "bream"  0.96407E+00  0.43239E-03  0.33256E-01  0.66824E-03  0.78616E-03  0.55031E-03  0.23585E-03
     y            3    "bream"  "bream"  0.96407E+00  0.43239E-03  0.33256E-01  0.66824E-03  0.78616E-03  0.55031E-03  0.23585E-03
     y            3    "bream"  "bream"  0.96407E+00  0.43239E-03  0.33256E-01  0.66824E-03  0.78616E-03  0.55031E-03  0.23585E-03
     y            3    "bream"  "bream"  0.96407E+00  0.43239E-03  0.33256E-01  0.66824E-03  0.78616E-03  0.55031E-03  0.23585E-03
     y            3    "bream"  "bream"  0.96407E+00  0.43239E-03  0.33256E-01  0.66824E-03  0.78616E-03  0.55031E-03  0.23585E-03
     y            3    "bream"  "bream"  0.96407E+00  0.43239E-03  0.33256E-01  0.66824E-03  0.78616E-03  0.55031E-03  0.23585E-03
     y            3    "bream"  "bream"  0.96407E+00  0.43239E-03  0.33256E-01  0.66824E-03  0.78616E-03  0.55031E-03  0.23585E-03
     y            3    "bream"  "bream"  0.96407E+00  0.43239E-03  0.33256E-01  0.66824E-03  0.78616E-03  0.55031E-03  0.23585E-03
     y            3    "bream"  "bream"  0.96407E+00  0.43239E-03  0.33256E-01  0.66824E-03  0.78616E-03  0.55031E-03  0.23585E-03
     y            3    "bream"  "bream"  0.96407E+00  0.43239E-03  0.33256E-01  0.66824E-03  0.78616E-03  0.55031E-03  0.23585E-03
     y            3    "bream"  "bream"  0.96407E+00  0.43239E-03  0.33256E-01  0.66824E-03  0.78616E-03  0.55031E-03  0.23585E-03
     y            3    "bream"  "bream"  0.96407E+00  0.43239E-03  0.33256E-01  0.66824E-03  0.78616E-03  0.55031E-03  0.23585E-03
     y            3    "bream"  "bream"  0.96407E+00  0.43239E-03  0.33256E-01  0.66824E-03  0.78616E-03  0.55031E-03  0.23585E-03
     y            3    "bream"  "bream"  0.96407E+00  0.43239E-03  0.33256E-01  0.66824E-03  0.78616E-03  0.55031E-03  0.23585E-03
     y            3    "bream"  "bream"  0.96407E+00  0.43239E-03  0.33256E-01  0.66824E-03  0.78616E-03  0.55031E-03  0.23585E-03
     y            3    "bream"  "bream"  0.96407E+00  0.43239E-03  0.33256E-01  0.66824E-03  0.78616E-03  0.55031E-03  0.23585E-03
     y            3    "bream"  "bream"  0.96407E+00  0.43239E-03  0.33256E-01  0.66824E-03  0.78616E-03  0.55031E-03  0.23585E-03
     y            3    "bream"  "bream"  0.96407E+00  0.43239E-03  0.33256E-01  0.66824E-03  0.78616E-03  0.55031E-03  0.23585E-03
     y            3    "bream"  "bream"  0.96407E+00  0.43239E-03  0.33256E-01  0.66824E-03  0.78616E-03  0.55031E-03  0.23585E-03
     y            3    "bream"  "bream"  0.96407E+00  0.43239E-03  0.33256E-01  0.66824E-03  0.78616E-03  0.55031E-03  0.23585E-03
     y            3    "bream"  "bream"  0.96407E+00  0.43239E-03  0.33256E-01  0.66824E-03  0.78616E-03  0.55031E-03  0.23585E-03
     y            3    "bream"  "bream"  0.96407E+00  0.43239E-03  0.33256E-01  0.66824E-03  0.78616E-03  0.55031E-03  0.23585E-03
     y            3    "bream"  "bream"  0.96407E+00  0.43239E-03  0.33256E-01  0.66824E-03  0.78616E-03  0.55031E-03  0.23585E-03
     y            3    "bream"  "bream"  0.96407E+00  0.43239E-03  0.33256E-01  0.66824E-03  0.78616E-03  0.55031E-03  0.23585E-03
     y          165    "whitefish"  "roach"  0.13758E-02  0.43239E-03  0.22013E-02  0.66824E-03  0.59704E+00  0.55031E-03  0.39774E+00
     y          165    "whitefish"  "roach"  0.13758E-02  0.43239E-03  0.22013E-02  0.66824E-03  0.59704E+00  0.55031E-03  0.39774E+00
     y           86    "whitefish"  "perch"  0.84188E-01  0.43239E-03  0.66470E+00  0.66824E-03  0.83599E-01  0.55031E-03  0.16586E+00
     y           86    "whitefish"  "perch"  0.84188E-01  0.43239E-03  0.66470E+00  0.66824E-03  0.83599E-01  0.55031E-03  0.16586E+00
     y          351    "whitefish"  "whitefish"  0.13758E-02  0.43239E-03  0.22013E-02  0.66824E-03  0.78616E-03  0.55031E-03  0.99399E+00
     y          351    "whitefish"  "whitefish"  0.13758E-02  0.43239E-03  0.22013E-02  0.66824E-03  0.78616E-03  0.55031E-03  0.99399E+00
     y          161    "roach"  "roach"  0.13758E-02  0.99807E-01  0.20095E+00  0.66824E-03  0.69641E+00  0.55031E-03  0.23585E-03
     y          161    "roach"  "roach"  0.13758E-02  0.99807E-01  0.20095E+00  0.66824E-03  0.69641E+00  0.55031E-03  0.23585E-03
     y          161    "roach"  "roach"  0.13758E-02  0.99807E-01  0.20095E+00  0.66824E-03  0.69641E+00  0.55031E-03  0.23585E-03
     y          161    "roach"  "roach"  0.13758E-02  0.99807E-01  0.20095E+00  0.66824E-03  0.69641E+00  0.55031E-03  0.23585E-03
     y          160    "roach"  "perch"  0.13758E-02  0.43239E-03  0.90561E+00  0.66824E-03  0.91127E-01  0.55031E-03  0.23585E-03
     y          160    "roach"  "perch"  0.13758E-02  0.43239E-03  0.90561E+00  0.66824E-03  0.91127E-01  0.55031E-03  0.23585E-03
     y          324    "roach"  "roach"  0.13758E-02  0.43239E-03  0.22013E-02  0.66824E-03  0.99454E+00  0.55031E-03  0.23585E-03
     y          324    "roach"  "roach"  0.13758E-02  0.43239E-03  0.22013E-02  0.66824E-03  0.99454E+00  0.55031E-03  0.23585E-03
     y          324    "roach"  "roach"  0.13758E-02  0.43239E-03  0.22013E-02  0.66824E-03  0.99454E+00  0.55031E-03  0.23585E-03
     y          324    "roach"  "roach"  0.13758E-02  0.43239E-03  0.22013E-02  0.66824E-03  0.99454E+00  0.55031E-03  0.23585E-03
     y          324    "roach"  "roach"  0.13758E-02  0.43239E-03  0.22013E-02  0.66824E-03  0.99454E+00  0.55031E-03  0.23585E-03
     y          161    "roach"  "roach"  0.13758E-02  0.99807E-01  0.20095E+00  0.66824E-03  0.69641E+00  0.55031E-03  0.23585E-03
     y          324    "roach"  "roach"  0.13758E-02  0.43239E-03  0.22013E-02  0.66824E-03  0.99454E+00  0.55031E-03  0.23585E-03
     y          165    "roach"  "roach"  0.13758E-02  0.43239E-03  0.22013E-02  0.66824E-03  0.59704E+00  0.55031E-03  0.39774E+00
     y          161    "roach"  "roach"  0.13758E-02  0.99807E-01  0.20095E+00  0.66824E-03  0.69641E+00  0.55031E-03  0.23585E-03
     y          324    "roach"  "roach"  0.13758E-02  0.43239E-03  0.22013E-02  0.66824E-03  0.99454E+00  0.55031E-03  0.23585E-03
     y          161    "roach"  "roach"  0.13758E-02  0.99807E-01  0.20095E+00  0.66824E-03  0.69641E+00  0.55031E-03  0.23585E-03
     y          165    "roach"  "roach"  0.13758E-02  0.43239E-03  0.22013E-02  0.66824E-03  0.59704E+00  0.55031E-03  0.39774E+00
     y          165    "roach"  "roach"  0.13758E-02  0.43239E-03  0.22013E-02  0.66824E-03  0.59704E+00  0.55031E-03  0.39774E+00
     y           86    "roach"  "perch"  0.84188E-01  0.43239E-03  0.66470E+00  0.66824E-03  0.83599E-01  0.55031E-03  0.16586E+00
     y          161    "parkki"  "roach"  0.13758E-02  0.99807E-01  0.20095E+00  0.66824E-03  0.69641E+00  0.55031E-03  0.23585E-03
     y          163    "parkki"  "smelt"  0.13758E-02  0.33168E+00  0.22013E-02  0.66824E-03  0.78616E-03  0.66305E+00  0.23585E-03
     y          164    "parkki"  "parkki"  0.13758E-02  0.99418E+00  0.22013E-02  0.66824E-03  0.78616E-03  0.55031E-03  0.23585E-03
     y          164    "parkki"  "parkki"  0.13758E-02  0.99418E+00  0.22013E-02  0.66824E-03  0.78616E-03  0.55031E-03  0.23585E-03
     y          166    "parkki"  "parkki"  0.13758E-02  0.99418E+00  0.22013E-02  0.66824E-03  0.78616E-03  0.55031E-03  0.23585E-03
     y          164    "parkki"  "parkki"  0.13758E-02  0.99418E+00  0.22013E-02  0.66824E-03  0.78616E-03  0.55031E-03  0.23585E-03
     y          166    "parkki"  "parkki"  0.13758E-02  0.99418E+00  0.22013E-02  0.66824E-03  0.78616E-03  0.55031E-03  0.23585E-03
     y          166    "parkki"  "parkki"  0.13758E-02  0.99418E+00  0.22013E-02  0.66824E-03  0.78616E-03  0.55031E-03  0.23585E-03
     y          166    "parkki"  "parkki"  0.13758E-02  0.99418E+00  0.22013E-02  0.66824E-03  0.78616E-03  0.55031E-03  0.23585E-03
     y          166    "parkki"  "parkki"  0.13758E-02  0.99418E+00  0.22013E-02  0.66824E-03  0.78616E-03  0.55031E-03  0.23585E-03
     y          166    "parkki"  "parkki"  0.13758E-02  0.99418E+00  0.22013E-02  0.66824E-03  0.78616E-03  0.55031E-03  0.23585E-03
     y            4    "smelt"  "smelt"  0.13758E-02  0.43239E-03  0.78644E-01  0.66824E-03  0.78616E-03  0.91786E+00  0.23585E-03
     y            4    "smelt"  "smelt"  0.13758E-02  0.43239E-03  0.78644E-01  0.66824E-03  0.78616E-03  0.91786E+00  0.23585E-03
     y            4    "smelt"  "smelt"  0.13758E-02  0.43239E-03  0.78644E-01  0.66824E-03  0.78616E-03  0.91786E+00  0.23585E-03
     y            4    "smelt"  "smelt"  0.13758E-02  0.43239E-03  0.78644E-01  0.66824E-03  0.78616E-03  0.91786E+00  0.23585E-03
     y            4    "smelt"  "smelt"  0.13758E-02  0.43239E-03  0.78644E-01  0.66824E-03  0.78616E-03  0.91786E+00  0.23585E-03
     y            4    "smelt"  "smelt"  0.13758E-02  0.43239E-03  0.78644E-01  0.66824E-03  0.78616E-03  0.91786E+00  0.23585E-03
     y            4    "smelt"  "smelt"  0.13758E-02  0.43239E-03  0.78644E-01  0.66824E-03  0.78616E-03  0.91786E+00  0.23585E-03
     y            4    "smelt"  "smelt"  0.13758E-02  0.43239E-03  0.78644E-01  0.66824E-03  0.78616E-03  0.91786E+00  0.23585E-03
     y            4    "smelt"  "smelt"  0.13758E-02  0.43239E-03  0.78644E-01  0.66824E-03  0.78616E-03  0.91786E+00  0.23585E-03
     y            4    "smelt"  "smelt"  0.13758E-02  0.43239E-03  0.78644E-01  0.66824E-03  0.78616E-03  0.91786E+00  0.23585E-03
     y            4    "smelt"  "smelt"  0.13758E-02  0.43239E-03  0.78644E-01  0.66824E-03  0.78616E-03  0.91786E+00  0.23585E-03
     y            4    "smelt"  "smelt"  0.13758E-02  0.43239E-03  0.78644E-01  0.66824E-03  0.78616E-03  0.91786E+00  0.23585E-03
     y          163    "smelt"  "smelt"  0.13758E-02  0.33168E+00  0.22013E-02  0.66824E-03  0.78616E-03  0.66305E+00  0.23585E-03
     y          163    "smelt"  "smelt"  0.13758E-02  0.33168E+00  0.22013E-02  0.66824E-03  0.78616E-03  0.66305E+00  0.23585E-03
     y           42    "pike"  "pike"  0.13758E-02  0.43239E-03  0.22013E-02  0.99442E+00  0.78616E-03  0.55031E-03  0.23585E-03
     y           42    "pike"  "pike"  0.13758E-02  0.43239E-03  0.22013E-02  0.99442E+00  0.78616E-03  0.55031E-03  0.23585E-03
     y           42    "pike"  "pike"  0.13758E-02  0.43239E-03  0.22013E-02  0.99442E+00  0.78616E-03  0.55031E-03  0.23585E-03
     y           42    "pike"  "pike"  0.13758E-02  0.43239E-03  0.22013E-02  0.99442E+00  0.78616E-03  0.55031E-03  0.23585E-03
     y          349    "pike"  "pike"  0.13758E-02  0.43239E-03  0.22013E-02  0.99442E+00  0.78616E-03  0.55031E-03  0.23585E-03
     y           42    "pike"  "pike"  0.13758E-02  0.43239E-03  0.22013E-02  0.99442E+00  0.78616E-03  0.55031E-03  0.23585E-03
     y          349    "pike"  "pike"  0.13758E-02  0.43239E-03  0.22013E-02  0.99442E+00  0.78616E-03  0.55031E-03  0.23585E-03
     y           42    "pike"  "pike"  0.13758E-02  0.43239E-03  0.22013E-02  0.99442E+00  0.78616E-03  0.55031E-03  0.23585E-03
     y          349    "pike"  "pike"  0.13758E-02  0.43239E-03  0.22013E-02  0.99442E+00  0.78616E-03  0.55031E-03  0.23585E-03
     y           11    "pike"  "pike"  0.13758E-02  0.43239E-03  0.22013E-02  0.99442E+00  0.78616E-03  0.55031E-03  0.23585E-03
     y           11    "pike"  "pike"  0.13758E-02  0.43239E-03  0.22013E-02  0.99442E+00  0.78616E-03  0.55031E-03  0.23585E-03
     y           11    "pike"  "pike"  0.13758E-02  0.43239E-03  0.22013E-02  0.99442E+00  0.78616E-03  0.55031E-03  0.23585E-03
     y           11    "pike"  "pike"  0.13758E-02  0.43239E-03  0.22013E-02  0.99442E+00  0.78616E-03  0.55031E-03  0.23585E-03
     y           11    "pike"  "pike"  0.13758E-02  0.43239E-03  0.22013E-02  0.99442E+00  0.78616E-03  0.55031E-03  0.23585E-03
     y           11    "pike"  "pike"  0.13758E-02  0.43239E-03  0.22013E-02  0.99442E+00  0.78616E-03  0.55031E-03  0.23585E-03
     y           11    "pike"  "pike"  0.13758E-02  0.43239E-03  0.22013E-02  0.99442E+00  0.78616E-03  0.55031E-03  0.23585E-03
     y           11    "pike"  "pike"  0.13758E-02  0.43239E-03  0.22013E-02  0.99442E+00  0.78616E-03  0.55031E-03  0.23585E-03
     y            4    "perch"  "smelt"  0.13758E-02  0.43239E-03  0.78644E-01  0.66824E-03  0.78616E-03  0.91786E+00  0.23585E-03
     y          161    "perch"  "roach"  0.13758E-02  0.99807E-01  0.20095E+00  0.66824E-03  0.69641E+00  0.55031E-03  0.23585E-03
     y          160    "perch"  "perch"  0.13758E-02  0.43239E-03  0.90561E+00  0.66824E-03  0.91127E-01  0.55031E-03  0.23585E-03
     y          160    "perch"  "perch"  0.13758E-02  0.43239E-03  0.90561E+00  0.66824E-03  0.91127E-01  0.55031E-03  0.23585E-03
     y          160    "perch"  "perch"  0.13758E-02  0.43239E-03  0.90561E+00  0.66824E-03  0.91127E-01  0.55031E-03  0.23585E-03
     y          160    "perch"  "perch"  0.13758E-02  0.43239E-03  0.90561E+00  0.66824E-03  0.91127E-01  0.55031E-03  0.23585E-03
     y          160    "perch"  "perch"  0.13758E-02  0.43239E-03  0.90561E+00  0.66824E-03  0.91127E-01  0.55031E-03  0.23585E-03
     y          160    "perch"  "perch"  0.13758E-02  0.43239E-03  0.90561E+00  0.66824E-03  0.91127E-01  0.55031E-03  0.23585E-03
     y          160    "perch"  "perch"  0.13758E-02  0.43239E-03  0.90561E+00  0.66824E-03  0.91127E-01  0.55031E-03  0.23585E-03
     y          161    "perch"  "roach"  0.13758E-02  0.99807E-01  0.20095E+00  0.66824E-03  0.69641E+00  0.55031E-03  0.23585E-03
     y          160    "perch"  "perch"  0.13758E-02  0.43239E-03  0.90561E+00  0.66824E-03  0.91127E-01  0.55031E-03  0.23585E-03
     y          160    "perch"  "perch"  0.13758E-02  0.43239E-03  0.90561E+00  0.66824E-03  0.91127E-01  0.55031E-03  0.23585E-03
     y          325    "perch"  "perch"  0.13758E-02  0.43239E-03  0.99595E+00  0.66824E-03  0.78616E-03  0.55031E-03  0.23585E-03
     y          325    "perch"  "perch"  0.13758E-02  0.43239E-03  0.99595E+00  0.66824E-03  0.78616E-03  0.55031E-03  0.23585E-03
     y          325    "perch"  "perch"  0.13758E-02  0.43239E-03  0.99595E+00  0.66824E-03  0.78616E-03  0.55031E-03  0.23585E-03
     y          160    "perch"  "perch"  0.13758E-02  0.43239E-03  0.90561E+00  0.66824E-03  0.91127E-01  0.55031E-03  0.23585E-03
     y          160    "perch"  "perch"  0.13758E-02  0.43239E-03  0.90561E+00  0.66824E-03  0.91127E-01  0.55031E-03  0.23585E-03
     y          160    "perch"  "perch"  0.13758E-02  0.43239E-03  0.90561E+00  0.66824E-03  0.91127E-01  0.55031E-03  0.23585E-03
     y          325    "perch"  "perch"  0.13758E-02  0.43239E-03  0.99595E+00  0.66824E-03  0.78616E-03  0.55031E-03  0.23585E-03
     y          325    "perch"  "perch"  0.13758E-02  0.43239E-03  0.99595E+00  0.66824E-03  0.78616E-03  0.55031E-03  0.23585E-03
     y          325    "perch"  "perch"  0.13758E-02  0.43239E-03  0.99595E+00  0.66824E-03  0.78616E-03  0.55031E-03  0.23585E-03
     y          160    "perch"  "perch"  0.13758E-02  0.43239E-03  0.90561E+00  0.66824E-03  0.91127E-01  0.55031E-03  0.23585E-03
     y          160    "perch"  "perch"  0.13758E-02  0.43239E-03  0.90561E+00  0.66824E-03  0.91127E-01  0.55031E-03  0.23585E-03
     y          160    "perch"  "perch"  0.13758E-02  0.43239E-03  0.90561E+00  0.66824E-03  0.91127E-01  0.55031E-03  0.23585E-03
     y          160    "perch"  "perch"  0.13758E-02  0.43239E-03  0.90561E+00  0.66824E-03  0.91127E-01  0.55031E-03  0.23585E-03
     y          160    "perch"  "perch"  0.13758E-02  0.43239E-03  0.90561E+00  0.66824E-03  0.91127E-01  0.55031E-03  0.23585E-03
     y          160    "perch"  "perch"  0.13758E-02  0.43239E-03  0.90561E+00  0.66824E-03  0.91127E-01  0.55031E-03  0.23585E-03
     y          325    "perch"  "perch"  0.13758E-02  0.43239E-03  0.99595E+00  0.66824E-03  0.78616E-03  0.55031E-03  0.23585E-03
     y          160    "perch"  "perch"  0.13758E-02  0.43239E-03  0.90561E+00  0.66824E-03  0.91127E-01  0.55031E-03  0.23585E-03
     y          160    "perch"  "perch"  0.13758E-02  0.43239E-03  0.90561E+00  0.66824E-03  0.91127E-01  0.55031E-03  0.23585E-03
     y           86    "perch"  "perch"  0.84188E-01  0.43239E-03  0.66470E+00  0.66824E-03  0.83599E-01  0.55031E-03  0.16586E+00
     y           86    "perch"  "perch"  0.84188E-01  0.43239E-03  0.66470E+00  0.66824E-03  0.83599E-01  0.55031E-03  0.16586E+00
     y           86    "perch"  "perch"  0.84188E-01  0.43239E-03  0.66470E+00  0.66824E-03  0.83599E-01  0.55031E-03  0.16586E+00
     y           86    "perch"  "perch"  0.84188E-01  0.43239E-03  0.66470E+00  0.66824E-03  0.83599E-01  0.55031E-03  0.16586E+00
     y           86    "perch"  "perch"  0.84188E-01  0.43239E-03  0.66470E+00  0.66824E-03  0.83599E-01  0.55031E-03  0.16586E+00
     y           86    "perch"  "perch"  0.84188E-01  0.43239E-03  0.66470E+00  0.66824E-03  0.83599E-01  0.55031E-03  0.16586E+00
     y           86    "perch"  "perch"  0.84188E-01  0.43239E-03  0.66470E+00  0.66824E-03  0.83599E-01  0.55031E-03  0.16586E+00
     y           86    "perch"  "perch"  0.84188E-01  0.43239E-03  0.66470E+00  0.66824E-03  0.83599E-01  0.55031E-03  0.16586E+00
     y          348    "perch"  "perch"  0.13758E-02  0.43239E-03  0.99595E+00  0.66824E-03  0.78616E-03  0.55031E-03  0.23585E-03
     y          350    "perch"  "perch"  0.13758E-02  0.43239E-03  0.99595E+00  0.66824E-03  0.78616E-03  0.55031E-03  0.23585E-03
     y          348    "perch"  "perch"  0.13758E-02  0.43239E-03  0.99595E+00  0.66824E-03  0.78616E-03  0.55031E-03  0.23585E-03
     y          348    "perch"  "perch"  0.13758E-02  0.43239E-03  0.99595E+00  0.66824E-03  0.78616E-03  0.55031E-03  0.23585E-03
     y          348    "perch"  "perch"  0.13758E-02  0.43239E-03  0.99595E+00  0.66824E-03  0.78616E-03  0.55031E-03  0.23585E-03
     y          348    "perch"  "perch"  0.13758E-02  0.43239E-03  0.99595E+00  0.66824E-03  0.78616E-03  0.55031E-03  0.23585E-03
     y          348    "perch"  "perch"  0.13758E-02  0.43239E-03  0.99595E+00  0.66824E-03  0.78616E-03  0.55031E-03  0.23585E-03
     y          348    "perch"  "perch"  0.13758E-02  0.43239E-03  0.99595E+00  0.66824E-03  0.78616E-03  0.55031E-03  0.23585E-03
     y          350    "perch"  "perch"  0.13758E-02  0.43239E-03  0.99595E+00  0.66824E-03  0.78616E-03  0.55031E-03  0.23585E-03
     y          350    "perch"  "perch"  0.13758E-02  0.43239E-03  0.99595E+00  0.66824E-03  0.78616E-03  0.55031E-03  0.23585E-03
     y          350    "perch"  "perch"  0.13758E-02  0.43239E-03  0.99595E+00  0.66824E-03  0.78616E-03  0.55031E-03  0.23585E-03
     y          350    "perch"  "perch"  0.13758E-02  0.43239E-03  0.99595E+00  0.66824E-03  0.78616E-03  0.55031E-03  0.23585E-03
     y          348    "perch"  "perch"  0.13758E-02  0.43239E-03  0.99595E+00  0.66824E-03  0.78616E-03  0.55031E-03  0.23585E-03
     y            3    "perch"  "bream"  0.96407E+00  0.43239E-03  0.33256E-01  0.66824E-03  0.78616E-03  0.55031E-03  0.23585E-03
     y          350    "perch"  "perch"  0.13758E-02  0.43239E-03  0.99595E+00  0.66824E-03  0.78616E-03  0.55031E-03  0.23585E-03
     y          350    "perch"  "perch"  0.13758E-02  0.43239E-03  0.99595E+00  0.66824E-03  0.78616E-03  0.55031E-03  0.23585E-03
     y          350    "perch"  "perch"  0.13758E-02  0.43239E-03  0.99595E+00  0.66824E-03  0.78616E-03  0.55031E-03  0.23585E-03
     y          350    "perch"  "perch"  0.13758E-02  0.43239E-03  0.99595E+00  0.66824E-03  0.78616E-03  0.55031E-03  0.23585E-03
