 train         node  observed  predicted "P(bream)" "P(parkki)" "P(perch)" "P(pike)" "P(roach)" "P(smelt)" "P(whitefish)"
     y            7    "bream"  "bream"  0.99513E+00  0.43239E-03  0.22013E-02  0.66824E-03  0.78616E-03  0.55031E-03  0.23585E-03
     y            7    "bream"  "bream"  0.99513E+00  0.43239E-03  0.22013E-02  0.66824E-03  0.78616E-03  0.55031E-03  0.23585E-03
     y            7    "bream"  "bream"  0.99513E+00  0.43239E-03  0.22013E-02  0.66824E-03  0.78616E-03  0.55031E-03  0.23585E-03
     y            7    "bream"  "bream"  0.99513E+00  0.43239E-03  0.22013E-02  0.66824E-03  0.78616E-03  0.55031E-03  0.23585E-03
     y            7    "bream"  "bream"  0.99513E+00  0.43239E-03  0.22013E-02  0.66824E-03  0.78616E-03  0.55031E-03  0.23585E-03
     y            7    "bream"  "bream"  0.99513E+00  0.43239E-03  0.22013E-02  0.66824E-03  0.78616E-03  0.55031E-03  0.23585E-03
     y            7    "bream"  "bream"  0.99513E+00  0.43239E-03  0.22013E-02  0.66824E-03  0.78616E-03  0.55031E-03  0.23585E-03
     y            7    "bream"  "bream"  0.99513E+00  0.43239E-03  0.22013E-02  0.66824E-03  0.78616E-03  0.55031E-03  0.23585E-03
     y            7    "bream"  "bream"  0.99513E+00  0.43239E-03  0.22013E-02  0.66824E-03  0.78616E-03  0.55031E-03  0.23585E-03
     y            7    "bream"  "bream"  0.99513E+00  0.43239E-03  0.22013E-02  0.66824E-03  0.78616E-03  0.55031E-03  0.23585E-03
     y            7    "bream"  "bream"  0.99513E+00  0.43239E-03  0.22013E-02  0.66824E-03  0.78616E-03  0.55031E-03  0.23585E-03
     y            7    "bream"  "bream"  0.99513E+00  0.43239E-03  0.22013E-02  0.66824E-03  0.78616E-03  0.55031E-03  0.23585E-03
     y            7    "bream"  "bream"  0.99513E+00  0.43239E-03  0.22013E-02  0.66824E-03  0.78616E-03  0.55031E-03  0.23585E-03
     y            7    "bream"  "bream"  0.99513E+00  0.43239E-03  0.22013E-02  0.66824E-03  0.78616E-03  0.55031E-03  0.23585E-03
     y            7    "bream"  "bream"  0.99513E+00  0.43239E-03  0.22013E-02  0.66824E-03  0.78616E-03  0.55031E-03  0.23585E-03
     y            7    "bream"  "bream"  0.99513E+00  0.43239E-03  0.22013E-02  0.66824E-03  0.78616E-03  0.55031E-03  0.23585E-03
     y            7    "bream"  "bream"  0.99513E+00  0.43239E-03  0.22013E-02  0.66824E-03  0.78616E-03  0.55031E-03  0.23585E-03
     y            7    "bream"  "bream"  0.99513E+00  0.43239E-03  0.22013E-02  0.66824E-03  0.78616E-03  0.55031E-03  0.23585E-03
     y            7    "bream"  "bream"  0.99513E+00  0.43239E-03  0.22013E-02  0.66824E-03  0.78616E-03  0.55031E-03  0.23585E-03
     y            7    "bream"  "bream"  0.99513E+00  0.43239E-03  0.22013E-02  0.66824E-03  0.78616E-03  0.55031E-03  0.23585E-03
     y            7    "bream"  "bream"  0.99513E+00  0.43239E-03  0.22013E-02  0.66824E-03  0.78616E-03  0.55031E-03  0.23585E-03
     y            7    "bream"  "bream"  0.99513E+00  0.43239E-03  0.22013E-02  0.66824E-03  0.78616E-03  0.55031E-03  0.23585E-03
     y            7    "bream"  "bream"  0.99513E+00  0.43239E-03  0.22013E-02  0.66824E-03  0.78616E-03  0.55031E-03  0.23585E-03
     y            7    "bream"  "bream"  0.99513E+00  0.43239E-03  0.22013E-02  0.66824E-03  0.78616E-03  0.55031E-03  0.23585E-03
     y            7    "bream"  "bream"  0.99513E+00  0.43239E-03  0.22013E-02  0.66824E-03  0.78616E-03  0.55031E-03  0.23585E-03
     y            7    "bream"  "bream"  0.99513E+00  0.43239E-03  0.22013E-02  0.66824E-03  0.78616E-03  0.55031E-03  0.23585E-03
     y            7    "bream"  "bream"  0.99513E+00  0.43239E-03  0.22013E-02  0.66824E-03  0.78616E-03  0.55031E-03  0.23585E-03
     y            7    "bream"  "bream"  0.99513E+00  0.43239E-03  0.22013E-02  0.66824E-03  0.78616E-03  0.55031E-03  0.23585E-03
     y            7    "bream"  "bream"  0.99513E+00  0.43239E-03  0.22013E-02  0.66824E-03  0.78616E-03  0.55031E-03  0.23585E-03
     y            7    "bream"  "bream"  0.99513E+00  0.43239E-03  0.22013E-02  0.66824E-03  0.78616E-03  0.55031E-03  0.23585E-03
     y            7    "bream"  "bream"  0.99513E+00  0.43239E-03  0.22013E-02  0.66824E-03  0.78616E-03  0.55031E-03  0.23585E-03
     y            7    "bream"  "bream"  0.99513E+00  0.43239E-03  0.22013E-02  0.66824E-03  0.78616E-03  0.55031E-03  0.23585E-03
     y            7    "bream"  "bream"  0.99513E+00  0.43239E-03  0.22013E-02  0.66824E-03  0.78616E-03  0.55031E-03  0.23585E-03
     y            7    "bream"  "bream"  0.99513E+00  0.43239E-03  0.22013E-02  0.66824E-03  0.78616E-03  0.55031E-03  0.23585E-03
     y            7    "bream"  "bream"  0.99513E+00  0.43239E-03  0.22013E-02  0.66824E-03  0.78616E-03  0.55031E-03  0.23585E-03
     y           42    "whitefish"  "roach"  0.13758E-02  0.43239E-03  0.22013E-02  0.66824E-03  0.85902E+00  0.55031E-03  0.13575E+00
     y           42    "whitefish"  "roach"  0.13758E-02  0.43239E-03  0.22013E-02  0.66824E-03  0.85902E+00  0.55031E-03  0.13575E+00
     y           42    "whitefish"  "roach"  0.13758E-02  0.43239E-03  0.22013E-02  0.66824E-03  0.85902E+00  0.55031E-03  0.13575E+00
     y           11    "whitefish"  "perch"  0.13758E-02  0.43239E-03  0.86044E+00  0.66824E-03  0.78616E-03  0.55031E-03  0.13575E+00
     y           11    "whitefish"  "perch"  0.13758E-02  0.43239E-03  0.86044E+00  0.66824E-03  0.78616E-03  0.55031E-03  0.13575E+00
     y           11    "whitefish"  "perch"  0.13758E-02  0.43239E-03  0.86044E+00  0.66824E-03  0.78616E-03  0.55031E-03  0.13575E+00
     y           42    "roach"  "roach"  0.13758E-02  0.43239E-03  0.22013E-02  0.66824E-03  0.85902E+00  0.55031E-03  0.13575E+00
     y           42    "roach"  "roach"  0.13758E-02  0.43239E-03  0.22013E-02  0.66824E-03  0.85902E+00  0.55031E-03  0.13575E+00
     y           42    "roach"  "roach"  0.13758E-02  0.43239E-03  0.22013E-02  0.66824E-03  0.85902E+00  0.55031E-03  0.13575E+00
     y           42    "roach"  "roach"  0.13758E-02  0.43239E-03  0.22013E-02  0.66824E-03  0.85902E+00  0.55031E-03  0.13575E+00
     y           42    "roach"  "roach"  0.13758E-02  0.43239E-03  0.22013E-02  0.66824E-03  0.85902E+00  0.55031E-03  0.13575E+00
     y           42    "roach"  "roach"  0.13758E-02  0.43239E-03  0.22013E-02  0.66824E-03  0.85902E+00  0.55031E-03  0.13575E+00
     y           42    "roach"  "roach"  0.13758E-02  0.43239E-03  0.22013E-02  0.66824E-03  0.85902E+00  0.55031E-03  0.13575E+00
     y           42    "roach"  "roach"  0.13758E-02  0.43239E-03  0.22013E-02  0.66824E-03  0.85902E+00  0.55031E-03  0.13575E+00
     y           20    "roach"  "perch"  0.13758E-02  0.43239E-03  0.95078E+00  0.66824E-03  0.45957E-01  0.55031E-03  0.23585E-03
     y           42    "roach"  "roach"  0.13758E-02  0.43239E-03  0.22013E-02  0.66824E-03  0.85902E+00  0.55031E-03  0.13575E+00
     y           42    "roach"  "roach"  0.13758E-02  0.43239E-03  0.22013E-02  0.66824E-03  0.85902E+00  0.55031E-03  0.13575E+00
     y           42    "roach"  "roach"  0.13758E-02  0.43239E-03  0.22013E-02  0.66824E-03  0.85902E+00  0.55031E-03  0.13575E+00
     y           42    "roach"  "roach"  0.13758E-02  0.43239E-03  0.22013E-02  0.66824E-03  0.85902E+00  0.55031E-03  0.13575E+00
     y           42    "roach"  "roach"  0.13758E-02  0.43239E-03  0.22013E-02  0.66824E-03  0.85902E+00  0.55031E-03  0.13575E+00
     y           42    "roach"  "roach"  0.13758E-02  0.43239E-03  0.22013E-02  0.66824E-03  0.85902E+00  0.55031E-03  0.13575E+00
     y           42    "roach"  "roach"  0.13758E-02  0.43239E-03  0.22013E-02  0.66824E-03  0.85902E+00  0.55031E-03  0.13575E+00
     y           42    "roach"  "roach"  0.13758E-02  0.43239E-03  0.22013E-02  0.66824E-03  0.85902E+00  0.55031E-03  0.13575E+00
     y           42    "roach"  "roach"  0.13758E-02  0.43239E-03  0.22013E-02  0.66824E-03  0.85902E+00  0.55031E-03  0.13575E+00
     y           42    "roach"  "roach"  0.13758E-02  0.43239E-03  0.22013E-02  0.66824E-03  0.85902E+00  0.55031E-03  0.13575E+00
     y           42    "roach"  "roach"  0.13758E-02  0.43239E-03  0.22013E-02  0.66824E-03  0.85902E+00  0.55031E-03  0.13575E+00
     y            6    "parkki"  "parkki"  0.13758E-02  0.99418E+00  0.22013E-02  0.66824E-03  0.78616E-03  0.55031E-03  0.23585E-03
     y            6    "parkki"  "parkki"  0.13758E-02  0.99418E+00  0.22013E-02  0.66824E-03  0.78616E-03  0.55031E-03  0.23585E-03
     y            6    "parkki"  "parkki"  0.13758E-02  0.99418E+00  0.22013E-02  0.66824E-03  0.78616E-03  0.55031E-03  0.23585E-03
     y            6    "parkki"  "parkki"  0.13758E-02  0.99418E+00  0.22013E-02  0.66824E-03  0.78616E-03  0.55031E-03  0.23585E-03
     y            6    "parkki"  "parkki"  0.13758E-02  0.99418E+00  0.22013E-02  0.66824E-03  0.78616E-03  0.55031E-03  0.23585E-03
     y            6    "parkki"  "parkki"  0.13758E-02  0.99418E+00  0.22013E-02  0.66824E-03  0.78616E-03  0.55031E-03  0.23585E-03
     y            6    "parkki"  "parkki"  0.13758E-02  0.99418E+00  0.22013E-02  0.66824E-03  0.78616E-03  0.55031E-03  0.23585E-03
     y            6    "parkki"  "parkki"  0.13758E-02  0.99418E+00  0.22013E-02  0.66824E-03  0.78616E-03  0.55031E-03  0.23585E-03
     y            6    "parkki"  "parkki"  0.13758E-02  0.99418E+00  0.22013E-02  0.66824E-03  0.78616E-03  0.55031E-03  0.23585E-03
     y            6    "parkki"  "parkki"  0.13758E-02  0.99418E+00  0.22013E-02  0.66824E-03  0.78616E-03  0.55031E-03  0.23585E-03
     y            6    "parkki"  "parkki"  0.13758E-02  0.99418E+00  0.22013E-02  0.66824E-03  0.78616E-03  0.55031E-03  0.23585E-03
     y            8    "smelt"  "smelt"  0.13758E-02  0.43239E-03  0.22013E-02  0.66824E-03  0.78616E-03  0.99430E+00  0.23585E-03
     y            8    "smelt"  "smelt"  0.13758E-02  0.43239E-03  0.22013E-02  0.66824E-03  0.78616E-03  0.99430E+00  0.23585E-03
     y            8    "smelt"  "smelt"  0.13758E-02  0.43239E-03  0.22013E-02  0.66824E-03  0.78616E-03  0.99430E+00  0.23585E-03
     y            8    "smelt"  "smelt"  0.13758E-02  0.43239E-03  0.22013E-02  0.66824E-03  0.78616E-03  0.99430E+00  0.23585E-03
     y            8    "smelt"  "smelt"  0.13758E-02  0.43239E-03  0.22013E-02  0.66824E-03  0.78616E-03  0.99430E+00  0.23585E-03
     y            8    "smelt"  "smelt"  0.13758E-02  0.43239E-03  0.22013E-02  0.66824E-03  0.78616E-03  0.99430E+00  0.23585E-03
     y            8    "smelt"  "smelt"  0.13758E-02  0.43239E-03  0.22013E-02  0.66824E-03  0.78616E-03  0.99430E+00  0.23585E-03
     y            8    "smelt"  "smelt"  0.13758E-02  0.43239E-03  0.22013E-02  0.66824E-03  0.78616E-03  0.99430E+00  0.23585E-03
     y            8    "smelt"  "smelt"  0.13758E-02  0.43239E-03  0.22013E-02  0.66824E-03  0.78616E-03  0.99430E+00  0.23585E-03
     y            8    "smelt"  "smelt"  0.13758E-02  0.43239E-03  0.22013E-02  0.66824E-03  0.78616E-03  0.99430E+00  0.23585E-03
     y            8    "smelt"  "smelt"  0.13758E-02  0.43239E-03  0.22013E-02  0.66824E-03  0.78616E-03  0.99430E+00  0.23585E-03
     y            8    "smelt"  "smelt"  0.13758E-02  0.43239E-03  0.22013E-02  0.66824E-03  0.78616E-03  0.99430E+00  0.23585E-03
     y            8    "smelt"  "smelt"  0.13758E-02  0.43239E-03  0.22013E-02  0.66824E-03  0.78616E-03  0.99430E+00  0.23585E-03
     y            8    "smelt"  "smelt"  0.13758E-02  0.43239E-03  0.22013E-02  0.66824E-03  0.78616E-03  0.99430E+00  0.23585E-03
     y            9    "pike"  "pike"  0.13758E-02  0.43239E-03  0.22013E-02  0.99442E+00  0.78616E-03  0.55031E-03  0.23585E-03
     y            9    "pike"  "pike"  0.13758E-02  0.43239E-03  0.22013E-02  0.99442E+00  0.78616E-03  0.55031E-03  0.23585E-03
     y            9    "pike"  "pike"  0.13758E-02  0.43239E-03  0.22013E-02  0.99442E+00  0.78616E-03  0.55031E-03  0.23585E-03
     y            9    "pike"  "pike"  0.13758E-02  0.43239E-03  0.22013E-02  0.99442E+00  0.78616E-03  0.55031E-03  0.23585E-03
     y            9    "pike"  "pike"  0.13758E-02  0.43239E-03  0.22013E-02  0.99442E+00  0.78616E-03  0.55031E-03  0.23585E-03
     y            9    "pike"  "pike"  0.13758E-02  0.43239E-03  0.22013E-02  0.99442E+00  0.78616E-03  0.55031E-03  0.23585E-03
     y            9    "pike"  "pike"  0.13758E-02  0.43239E-03  0.22013E-02  0.99442E+00  0.78616E-03  0.55031E-03  0.23585E-03
     y            9    "pike"  "pike"  0.13758E-02  0.43239E-03  0.22013E-02  0.99442E+00  0.78616E-03  0.55031E-03  0.23585E-03
     y            9    "pike"  "pike"  0.13758E-02  0.43239E-03  0.22013E-02  0.99442E+00  0.78616E-03  0.55031E-03  0.23585E-03
     y            9    "pike"  "pike"  0.13758E-02  0.43239E-03  0.22013E-02  0.99442E+00  0.78616E-03  0.55031E-03  0.23585E-03
     y            9    "pike"  "pike"  0.13758E-02  0.43239E-03  0.22013E-02  0.99442E+00  0.78616E-03  0.55031E-03  0.23585E-03
     y            9    "pike"  "pike"  0.13758E-02  0.43239E-03  0.22013E-02  0.99442E+00  0.78616E-03  0.55031E-03  0.23585E-03
     y            9    "pike"  "pike"  0.13758E-02  0.43239E-03  0.22013E-02  0.99442E+00  0.78616E-03  0.55031E-03  0.23585E-03
     y            9    "pike"  "pike"  0.13758E-02  0.43239E-03  0.22013E-02  0.99442E+00  0.78616E-03  0.55031E-03  0.23585E-03
     y            9    "pike"  "pike"  0.13758E-02  0.43239E-03  0.22013E-02  0.99442E+00  0.78616E-03  0.55031E-03  0.23585E-03
     y            9    "pike"  "pike"  0.13758E-02  0.43239E-03  0.22013E-02  0.99442E+00  0.78616E-03  0.55031E-03  0.23585E-03
     y            9    "pike"  "pike"  0.13758E-02  0.43239E-03  0.22013E-02  0.99442E+00  0.78616E-03  0.55031E-03  0.23585E-03
     y           20    "perch"  "perch"  0.13758E-02  0.43239E-03  0.95078E+00  0.66824E-03  0.45957E-01  0.55031E-03  0.23585E-03
     y           20    "perch"  "perch"  0.13758E-02  0.43239E-03  0.95078E+00  0.66824E-03  0.45957E-01  0.55031E-03  0.23585E-03
     y           20    "perch"  "perch"  0.13758E-02  0.43239E-03  0.95078E+00  0.66824E-03  0.45957E-01  0.55031E-03  0.23585E-03
     y           43    "perch"  "perch"  0.13758E-02  0.43239E-03  0.99595E+00  0.66824E-03  0.78616E-03  0.55031E-03  0.23585E-03
     y           20    "perch"  "perch"  0.13758E-02  0.43239E-03  0.95078E+00  0.66824E-03  0.45957E-01  0.55031E-03  0.23585E-03
     y           43    "perch"  "perch"  0.13758E-02  0.43239E-03  0.99595E+00  0.66824E-03  0.78616E-03  0.55031E-03  0.23585E-03
     y           43    "perch"  "perch"  0.13758E-02  0.43239E-03  0.99595E+00  0.66824E-03  0.78616E-03  0.55031E-03  0.23585E-03
     y           43    "perch"  "perch"  0.13758E-02  0.43239E-03  0.99595E+00  0.66824E-03  0.78616E-03  0.55031E-03  0.23585E-03
     y           20    "perch"  "perch"  0.13758E-02  0.43239E-03  0.95078E+00  0.66824E-03  0.45957E-01  0.55031E-03  0.23585E-03
     y           20    "perch"  "perch"  0.13758E-02  0.43239E-03  0.95078E+00  0.66824E-03  0.45957E-01  0.55031E-03  0.23585E-03
     y           43    "perch"  "perch"  0.13758E-02  0.43239E-03  0.99595E+00  0.66824E-03  0.78616E-03  0.55031E-03  0.23585E-03
     y           43    "perch"  "perch"  0.13758E-02  0.43239E-03  0.99595E+00  0.66824E-03  0.78616E-03  0.55031E-03  0.23585E-03
     y           43    "perch"  "perch"  0.13758E-02  0.43239E-03  0.99595E+00  0.66824E-03  0.78616E-03  0.55031E-03  0.23585E-03
     y           43    "perch"  "perch"  0.13758E-02  0.43239E-03  0.99595E+00  0.66824E-03  0.78616E-03  0.55031E-03  0.23585E-03
     y           43    "perch"  "perch"  0.13758E-02  0.43239E-03  0.99595E+00  0.66824E-03  0.78616E-03  0.55031E-03  0.23585E-03
     y           20    "perch"  "perch"  0.13758E-02  0.43239E-03  0.95078E+00  0.66824E-03  0.45957E-01  0.55031E-03  0.23585E-03
     y           43    "perch"  "perch"  0.13758E-02  0.43239E-03  0.99595E+00  0.66824E-03  0.78616E-03  0.55031E-03  0.23585E-03
     y           20    "perch"  "perch"  0.13758E-02  0.43239E-03  0.95078E+00  0.66824E-03  0.45957E-01  0.55031E-03  0.23585E-03
     y           20    "perch"  "perch"  0.13758E-02  0.43239E-03  0.95078E+00  0.66824E-03  0.45957E-01  0.55031E-03  0.23585E-03
     y           20    "perch"  "perch"  0.13758E-02  0.43239E-03  0.95078E+00  0.66824E-03  0.45957E-01  0.55031E-03  0.23585E-03
     y           43    "perch"  "perch"  0.13758E-02  0.43239E-03  0.99595E+00  0.66824E-03  0.78616E-03  0.55031E-03  0.23585E-03
     y           20    "perch"  "perch"  0.13758E-02  0.43239E-03  0.95078E+00  0.66824E-03  0.45957E-01  0.55031E-03  0.23585E-03
     y           20    "perch"  "perch"  0.13758E-02  0.43239E-03  0.95078E+00  0.66824E-03  0.45957E-01  0.55031E-03  0.23585E-03
     y           20    "perch"  "perch"  0.13758E-02  0.43239E-03  0.95078E+00  0.66824E-03  0.45957E-01  0.55031E-03  0.23585E-03
     y           43    "perch"  "perch"  0.13758E-02  0.43239E-03  0.99595E+00  0.66824E-03  0.78616E-03  0.55031E-03  0.23585E-03
     y           20    "perch"  "perch"  0.13758E-02  0.43239E-03  0.95078E+00  0.66824E-03  0.45957E-01  0.55031E-03  0.23585E-03
     y           43    "perch"  "perch"  0.13758E-02  0.43239E-03  0.99595E+00  0.66824E-03  0.78616E-03  0.55031E-03  0.23585E-03
     y           20    "perch"  "perch"  0.13758E-02  0.43239E-03  0.95078E+00  0.66824E-03  0.45957E-01  0.55031E-03  0.23585E-03
     y           20    "perch"  "perch"  0.13758E-02  0.43239E-03  0.95078E+00  0.66824E-03  0.45957E-01  0.55031E-03  0.23585E-03
     y           43    "perch"  "perch"  0.13758E-02  0.43239E-03  0.99595E+00  0.66824E-03  0.78616E-03  0.55031E-03  0.23585E-03
     y           43    "perch"  "perch"  0.13758E-02  0.43239E-03  0.99595E+00  0.66824E-03  0.78616E-03  0.55031E-03  0.23585E-03
     y           20    "perch"  "perch"  0.13758E-02  0.43239E-03  0.95078E+00  0.66824E-03  0.45957E-01  0.55031E-03  0.23585E-03
     y           20    "perch"  "perch"  0.13758E-02  0.43239E-03  0.95078E+00  0.66824E-03  0.45957E-01  0.55031E-03  0.23585E-03
     y           20    "perch"  "perch"  0.13758E-02  0.43239E-03  0.95078E+00  0.66824E-03  0.45957E-01  0.55031E-03  0.23585E-03
     y           43    "perch"  "perch"  0.13758E-02  0.43239E-03  0.99595E+00  0.66824E-03  0.78616E-03  0.55031E-03  0.23585E-03
     y           20    "perch"  "perch"  0.13758E-02  0.43239E-03  0.95078E+00  0.66824E-03  0.45957E-01  0.55031E-03  0.23585E-03
     y           20    "perch"  "perch"  0.13758E-02  0.43239E-03  0.95078E+00  0.66824E-03  0.45957E-01  0.55031E-03  0.23585E-03
     y           11    "perch"  "perch"  0.13758E-02  0.43239E-03  0.86044E+00  0.66824E-03  0.78616E-03  0.55031E-03  0.13575E+00
     y           11    "perch"  "perch"  0.13758E-02  0.43239E-03  0.86044E+00  0.66824E-03  0.78616E-03  0.55031E-03  0.13575E+00
     y           11    "perch"  "perch"  0.13758E-02  0.43239E-03  0.86044E+00  0.66824E-03  0.78616E-03  0.55031E-03  0.13575E+00
     y           11    "perch"  "perch"  0.13758E-02  0.43239E-03  0.86044E+00  0.66824E-03  0.78616E-03  0.55031E-03  0.13575E+00
     y           11    "perch"  "perch"  0.13758E-02  0.43239E-03  0.86044E+00  0.66824E-03  0.78616E-03  0.55031E-03  0.13575E+00
     y           11    "perch"  "perch"  0.13758E-02  0.43239E-03  0.86044E+00  0.66824E-03  0.78616E-03  0.55031E-03  0.13575E+00
     y           11    "perch"  "perch"  0.13758E-02  0.43239E-03  0.86044E+00  0.66824E-03  0.78616E-03  0.55031E-03  0.13575E+00
     y           11    "perch"  "perch"  0.13758E-02  0.43239E-03  0.86044E+00  0.66824E-03  0.78616E-03  0.55031E-03  0.13575E+00
     y           11    "perch"  "perch"  0.13758E-02  0.43239E-03  0.86044E+00  0.66824E-03  0.78616E-03  0.55031E-03  0.13575E+00
     y           11    "perch"  "perch"  0.13758E-02  0.43239E-03  0.86044E+00  0.66824E-03  0.78616E-03  0.55031E-03  0.13575E+00
     y           11    "perch"  "perch"  0.13758E-02  0.43239E-03  0.86044E+00  0.66824E-03  0.78616E-03  0.55031E-03  0.13575E+00
     y           11    "perch"  "perch"  0.13758E-02  0.43239E-03  0.86044E+00  0.66824E-03  0.78616E-03  0.55031E-03  0.13575E+00
     y           11    "perch"  "perch"  0.13758E-02  0.43239E-03  0.86044E+00  0.66824E-03  0.78616E-03  0.55031E-03  0.13575E+00
     y           11    "perch"  "perch"  0.13758E-02  0.43239E-03  0.86044E+00  0.66824E-03  0.78616E-03  0.55031E-03  0.13575E+00
     y           11    "perch"  "perch"  0.13758E-02  0.43239E-03  0.86044E+00  0.66824E-03  0.78616E-03  0.55031E-03  0.13575E+00
     y           11    "perch"  "perch"  0.13758E-02  0.43239E-03  0.86044E+00  0.66824E-03  0.78616E-03  0.55031E-03  0.13575E+00
     y           11    "perch"  "perch"  0.13758E-02  0.43239E-03  0.86044E+00  0.66824E-03  0.78616E-03  0.55031E-03  0.13575E+00
     y           11    "perch"  "perch"  0.13758E-02  0.43239E-03  0.86044E+00  0.66824E-03  0.78616E-03  0.55031E-03  0.13575E+00
     y           11    "perch"  "perch"  0.13758E-02  0.43239E-03  0.86044E+00  0.66824E-03  0.78616E-03  0.55031E-03  0.13575E+00
